block	steps	btime	ctime	rss	heapTotal	heapUsed	external	disk	kernelObjects	kernelObjectsUp	kernelObjectsDown	kernelObjectsMax	kernelDevices	kernelDevicesUp	kernelDevicesDown	kernelDevicesMax	kernelPromises	kernelPromisesUp	kernelPromisesDown	kernelPromisesMax	kpUnresolved	kpUnresolvedUp	kpUnresolvedDown	kpUnresolvedMax	kpFulfilledToPresence	kpFulfilledToPresenceUp	kpFulfilledToPresenceDown	kpFulfilledToPresenceMax	kpFulfilledToData	kpFulfilledToDataUp	kpFulfilledToDataDown	kpFulfilledToDataMax	kpRejected	kpRejectedUp	kpRejectedDown	kpRejectedMax	runQueueLength	runQueueLengthUp	runQueueLengthMax	syscalls	syscallSend	syscallSubscribe	syscallFulfillToData	syscallFulfillToPresence	syscallReject	syscallCallNow	dispatches	dispatchDeliver	dispatchNotifyFulfillToData	dispatchNotifyFulfillToPresence	dispatchReject	clistEntries	clistEntriesUp	clistEntriesDown	clistEntriesMax
1	11	24319275	2551408	278212608	143314944	52952384	59237220	1388544	9	9	0	9	1	1	0	1	1	6	5	5	0	6	6	4	0	1	1	1	1	5	4	4	0	0	0	0	0	11	4	17	6	5	5	1	0	0	11	6	4	1	0	19	30	11	22
2	7	9113130	498426	259911680	93507584	52330240	53740455	1421312	9	9	0	9	1	1	0	1	2	10	8	5	0	10	10	4	0	1	1	1	2	9	7	4	0	0	0	0	0	18	4	28	10	8	9	1	0	0	18	10	7	1	0	19	37	18	23
3	7	9142380	383527	212836352	93769728	52337928	53732263	1458176	9	9	0	9	1	1	0	1	2	14	12	5	0	14	14	4	0	1	1	1	2	13	11	4	0	0	0	0	0	25	4	39	14	11	13	1	0	0	25	14	10	1	0	19	44	25	23
4	7	8670054	359765	212897792	93769728	52336824	53732263	1474560	9	9	0	9	1	1	0	1	2	18	16	5	0	18	18	4	0	1	1	1	2	17	15	4	0	0	0	0	0	32	4	50	18	14	17	1	0	0	32	18	13	1	0	19	51	32	23
5	7	11021050	351232	213053440	93769728	52350192	53732263	1490944	9	9	0	9	1	1	0	1	2	22	20	5	0	22	22	4	0	1	1	1	2	21	19	4	0	0	0	0	0	39	4	61	22	17	21	1	0	0	39	22	16	1	0	19	58	39	23
6	7	9202408	397400	213102592	93769728	52353208	53732263	1503232	9	9	0	9	1	1	0	1	2	26	24	5	0	26	26	4	0	1	1	1	2	25	23	4	0	0	0	0	0	46	4	72	26	20	25	1	0	0	46	26	19	1	0	19	65	46	23
7	7	9382358	337762	213159936	93769728	52352176	53732263	1507328	9	9	0	9	1	1	0	1	2	30	28	5	0	30	30	4	0	1	1	1	2	29	27	4	0	0	0	0	0	53	4	83	30	23	29	1	0	0	53	30	22	1	0	19	72	53	23
8	7	8414034	427198	213164032	93769728	52355392	53732263	1515520	9	9	0	9	1	1	0	1	2	34	32	5	0	34	34	4	0	1	1	1	2	33	31	4	0	0	0	0	0	60	4	94	34	26	33	1	0	0	60	34	25	1	0	19	79	60	23
9	7	7984177	478136	213172224	93769728	52353680	53732263	1527808	9	9	0	9	1	1	0	1	2	38	36	5	0	38	38	4	0	1	1	1	2	37	35	4	0	0	0	0	0	67	4	105	38	29	37	1	0	0	67	38	28	1	0	19	86	67	23
10	7	8191723	483684	213204992	93769728	52357832	53732263	1544192	9	9	0	9	1	1	0	1	2	42	40	5	0	42	42	4	0	1	1	1	2	41	39	4	0	0	0	0	0	74	4	116	42	32	41	1	0	0	74	42	31	1	0	19	93	74	23
11	7	8238814	439568	213233664	93769728	52355504	53732263	1548288	9	9	0	9	1	1	0	1	2	46	44	5	0	46	46	4	0	1	1	1	2	45	43	4	0	0	0	0	0	81	4	127	46	35	45	1	0	0	81	46	34	1	0	19	100	81	23
12	7	8415407	394099	213270528	93769728	52380080	53732263	1556480	9	9	0	9	1	1	0	1	2	50	48	5	0	50	50	4	0	1	1	1	2	49	47	4	0	0	0	0	0	88	4	138	50	38	49	1	0	0	88	50	37	1	0	19	107	88	23
13	7	7097678	413328	213303296	93769728	52363864	53732263	1556480	9	9	0	9	1	1	0	1	2	54	52	5	0	54	54	4	0	1	1	1	2	53	51	4	0	0	0	0	0	95	4	149	54	41	53	1	0	0	95	54	40	1	0	19	114	95	23
14	7	7804310	506018	213303296	93769728	52364592	53732263	1564672	9	9	0	9	1	1	0	1	2	58	56	5	0	58	58	4	0	1	1	1	2	57	55	4	0	0	0	0	0	102	4	160	58	44	57	1	0	0	102	58	43	1	0	19	121	102	23
15	7	8462043	487296	213315584	93769728	52364848	53732263	1576960	9	9	0	9	1	1	0	1	2	62	60	5	0	62	62	4	0	1	1	1	2	61	59	4	0	0	0	0	0	109	4	171	62	47	61	1	0	0	109	62	46	1	0	19	128	109	23
16	7	7659851	368568	213327872	93769728	52365472	53732263	1576960	9	9	0	9	1	1	0	1	2	66	64	5	0	66	66	4	0	1	1	1	2	65	63	4	0	0	0	0	0	116	4	182	66	50	65	1	0	0	116	66	49	1	0	19	135	116	23
17	7	9090832	505863	213327872	93769728	52376960	53732263	1581056	9	9	0	9	1	1	0	1	2	70	68	5	0	70	70	4	0	1	1	1	2	69	67	4	0	0	0	0	0	123	4	193	70	53	69	1	0	0	123	70	52	1	0	19	142	123	23
18	7	7739936	434250	213352448	93769728	52377728	53740455	1585152	9	9	0	9	1	1	0	1	2	74	72	5	0	74	74	4	0	1	1	1	2	73	71	4	0	0	0	0	0	130	4	204	74	56	73	1	0	0	130	74	55	1	0	19	149	130	23
19	7	8473540	400568	213377024	93769728	52378192	53732263	1589248	9	9	0	9	1	1	0	1	2	78	76	5	0	78	78	4	0	1	1	1	2	77	75	4	0	0	0	0	0	137	4	215	78	59	77	1	0	0	137	78	58	1	0	19	156	137	23
20	7	7712164	461344	213381120	93769728	52378432	53732263	1597440	9	9	0	9	1	1	0	1	2	82	80	5	0	82	82	4	0	1	1	1	2	81	79	4	0	0	0	0	0	144	4	226	82	62	81	1	0	0	144	82	61	1	0	19	163	144	23
21	7	7621786	439687	213389312	93769728	52378840	53732263	1601536	9	9	0	9	1	1	0	1	2	86	84	5	0	86	86	4	0	1	1	1	2	85	83	4	0	0	0	0	0	151	4	237	86	65	85	1	0	0	151	86	64	1	0	19	170	151	23
22	7	8214046	432776	213393408	93769728	52378976	53732263	1601536	9	9	0	9	1	1	0	1	2	90	88	5	0	90	90	4	0	1	1	1	2	89	87	4	0	0	0	0	0	158	4	248	90	68	89	1	0	0	158	90	67	1	0	19	177	158	23
23	7	10239595	365094	213393408	93769728	52403536	53732263	1613824	9	9	0	9	1	1	0	1	2	94	92	5	0	94	94	4	0	1	1	1	2	93	91	4	0	0	0	0	0	165	4	259	94	71	93	1	0	0	165	94	70	1	0	19	184	165	23
24	7	8502382	436004	213446656	93769728	52418760	53732263	1613824	9	9	0	9	1	1	0	1	2	98	96	5	0	98	98	4	0	1	1	1	2	97	95	4	0	0	0	0	0	172	4	270	98	74	97	1	0	0	172	98	73	1	0	19	191	172	23
25	7	7406688	351805	213479424	93769728	52406352	53732263	1617920	9	9	0	9	1	1	0	1	2	102	100	5	0	102	102	4	0	1	1	1	2	101	99	4	0	0	0	0	0	179	4	281	102	77	101	1	0	0	179	102	76	1	0	19	198	179	23
26	7	7462527	448834	213483520	93769728	52406568	53732263	1622016	9	9	0	9	1	1	0	1	2	106	104	5	0	106	106	4	0	1	1	1	2	105	103	4	0	0	0	0	0	186	4	292	106	80	105	1	0	0	186	106	79	1	0	19	205	186	23
27	7	7608468	582244	213487616	93769728	52406680	53732263	1626112	9	9	0	9	1	1	0	1	2	110	108	5	0	110	110	4	0	1	1	1	2	109	107	4	0	0	0	0	0	193	4	303	110	83	109	1	0	0	193	110	82	1	0	19	212	193	23
28	7	7968870	417467	213491712	93769728	52406792	53732263	1626112	9	9	0	9	1	1	0	1	2	114	112	5	0	114	114	4	0	1	1	1	2	113	111	4	0	0	0	0	0	200	4	314	114	86	113	1	0	0	200	114	85	1	0	19	219	200	23
29	7	8042049	379757	213491712	93769728	52410968	53732263	1630208	9	9	0	9	1	1	0	1	2	118	116	5	0	118	118	4	0	1	1	1	2	117	115	4	0	0	0	0	0	207	4	325	118	89	117	1	0	0	207	118	88	1	0	19	226	207	23
30	7	7598468	463613	213495808	93769728	52410728	53732263	1634304	9	9	0	9	1	1	0	1	2	122	120	5	0	122	122	4	0	1	1	1	2	121	119	4	0	0	0	0	0	214	4	336	122	92	121	1	0	0	214	122	91	1	0	19	233	214	23
31	7	8299863	451000	213536768	93769728	52410760	53732263	1638400	9	9	0	9	1	1	0	1	2	126	124	5	0	126	126	4	0	1	1	1	2	125	123	4	0	0	0	0	0	221	4	347	126	95	125	1	0	0	221	126	94	1	0	19	240	221	23
32	7	7551295	461883	213540864	93769728	52410760	53732263	1650688	9	9	0	9	1	1	0	1	2	130	128	5	0	130	130	4	0	1	1	1	2	129	127	4	0	0	0	0	0	228	4	358	130	98	129	1	0	0	228	130	97	1	0	19	247	228	23
33	7	8125683	421750	213553152	93769728	52410760	53732263	1650688	9	9	0	9	1	1	0	1	2	134	132	5	0	134	134	4	0	1	1	1	2	133	131	4	0	0	0	0	0	235	4	369	134	101	133	1	0	0	235	134	100	1	0	19	254	235	23
34	7	7428628	404655	213553152	93769728	52410760	53732263	1654784	9	9	0	9	1	1	0	1	2	138	136	5	0	138	138	4	0	1	1	1	2	137	135	4	0	0	0	0	0	242	4	380	138	104	137	1	0	0	242	138	103	1	0	19	261	242	23
35	7	7906370	444290	213557248	93769728	52410760	53732263	1667072	9	9	0	9	1	1	0	1	2	142	140	5	0	142	142	4	0	1	1	1	2	141	139	4	0	0	0	0	0	249	4	391	142	107	141	1	0	0	249	142	106	1	0	19	268	249	23
36	7	8063357	343453	213569536	93769728	52427992	53732263	1667072	9	9	0	9	1	1	0	1	2	146	144	5	0	146	146	4	0	1	1	1	2	145	143	4	0	0	0	0	0	256	4	402	146	110	145	1	0	0	256	146	109	1	0	19	275	256	23
37	7	6907111	429091	213569536	93769728	52410840	53732263	1671168	9	9	0	9	1	1	0	1	2	150	148	5	0	150	150	4	0	1	1	1	2	149	147	4	0	0	0	0	0	263	4	413	150	113	149	1	0	0	263	150	112	1	0	19	282	263	23
38	7	7276872	440291	213573632	93769728	52410904	53732263	1675264	9	9	0	9	1	1	0	1	2	154	152	5	0	154	154	4	0	1	1	1	2	153	151	4	0	0	0	0	0	270	4	424	154	116	153	1	0	0	270	154	115	1	0	19	289	270	23
39	7	8500211	536122	213577728	93769728	52422192	53740455	1679360	9	9	0	9	1	1	0	1	2	158	156	5	0	158	158	4	0	1	1	1	2	157	155	4	0	0	0	0	0	277	4	435	158	119	157	1	0	0	277	158	118	1	0	19	296	277	23
40	7	7555925	424536	213581824	93769728	52422320	53732263	1687552	9	9	0	9	1	1	0	1	2	162	160	5	0	162	162	4	0	1	1	1	2	161	159	4	0	0	0	0	0	284	4	446	162	122	161	1	0	0	284	162	121	1	0	19	303	284	23
41	7	7534301	510027	213590016	93769728	52422440	53732263	1691648	9	9	0	9	1	1	0	1	2	166	164	5	0	166	166	4	0	1	1	1	2	165	163	4	0	0	0	0	0	291	4	457	166	125	165	1	0	0	291	166	124	1	0	19	310	291	23
42	7	7465786	428999	213594112	93769728	52422488	53732263	1691648	9	9	0	9	1	1	0	1	2	170	168	5	0	170	170	4	0	1	1	1	2	169	167	4	0	0	0	0	0	298	4	468	170	128	169	1	0	0	298	170	127	1	0	19	317	298	23
43	7	8135571	460887	213606400	93769728	52422488	53732263	1699840	9	9	0	9	1	1	0	1	2	174	172	5	0	174	174	4	0	1	1	1	2	173	171	4	0	0	0	0	0	305	4	479	174	131	173	1	0	0	305	174	130	1	0	19	324	305	23
44	7	8067852	442391	213610496	93769728	52422568	53732263	1703936	9	9	0	9	1	1	0	1	2	178	176	5	0	178	178	4	0	1	1	1	2	177	175	4	0	0	0	0	0	312	4	490	178	134	177	1	0	0	312	178	133	1	0	19	331	312	23
45	7	7497294	428759	213614592	93769728	52422568	53732263	1703936	9	9	0	9	1	1	0	1	2	182	180	5	0	182	182	4	0	1	1	1	2	181	179	4	0	0	0	0	0	319	4	501	182	137	181	1	0	0	319	182	136	1	0	19	338	319	23
46	7	7995986	449918	213614592	93769728	52422568	53732263	1703936	9	9	0	9	1	1	0	1	2	186	184	5	0	186	186	4	0	1	1	1	2	185	183	4	0	0	0	0	0	326	4	512	186	140	185	1	0	0	326	186	139	1	0	19	345	326	23
47	7	7342363	420102	213614592	93769728	52422568	53732263	1712128	9	9	0	9	1	1	0	1	2	190	188	5	0	190	190	4	0	1	1	1	2	189	187	4	0	0	0	0	0	333	4	523	190	143	189	1	0	0	333	190	142	1	0	19	352	333	23
48	7	7762041	411788	213622784	93769728	52438608	53732263	1720320	9	9	0	9	1	1	0	1	2	194	192	5	0	194	194	4	0	1	1	1	2	193	191	4	0	0	0	0	0	340	4	534	194	146	193	1	0	0	340	194	145	1	0	19	359	340	23
49	7	6802901	373996	213647360	93769728	52422568	53732263	1724416	9	9	0	9	1	1	0	1	2	198	196	5	0	198	198	4	0	1	1	1	2	197	195	4	0	0	0	0	0	347	4	545	198	149	197	1	0	0	347	198	148	1	0	19	366	347	23
50	7	8314912	427781	213651456	93769728	52423536	53732263	1732608	9	9	0	9	1	1	0	1	2	202	200	5	0	202	202	4	0	1	1	1	2	201	199	4	0	0	0	0	0	354	4	556	202	152	201	1	0	0	354	202	151	1	0	19	373	354	23
51	7	7567248	526788	213659648	93769728	52423536	53732263	1744896	9	9	0	9	1	1	0	1	2	206	204	5	0	206	206	4	0	1	1	1	2	205	203	4	0	0	0	0	0	361	4	567	206	155	205	1	0	0	361	206	154	1	0	19	380	361	23
52	7	7541189	425756	213667840	93769728	52423536	53732263	1753088	9	9	0	9	1	1	0	1	2	210	208	5	0	210	210	4	0	1	1	1	2	209	207	4	0	0	0	0	0	368	4	578	210	158	209	1	0	0	368	210	157	1	0	19	387	368	23
53	7	7334071	407307	213671936	93769728	52423536	53732263	1765376	9	9	0	9	1	1	0	1	2	214	212	5	0	214	214	4	0	1	1	1	2	213	211	4	0	0	0	0	0	375	4	589	214	161	213	1	0	0	375	214	160	1	0	19	394	375	23
54	7	7568873	444282	213680128	93769728	52423536	53732263	1773568	9	9	0	9	1	1	0	1	2	218	216	5	0	218	218	4	0	1	1	1	2	217	215	4	0	0	0	0	0	382	4	600	218	164	217	1	0	0	382	218	163	1	0	19	401	382	23
55	7	9023029	399533	213696512	93769728	52425512	53732263	1777664	9	9	0	9	1	1	0	1	2	222	220	5	0	222	222	4	0	1	1	1	2	221	219	4	0	0	0	0	0	389	4	611	222	167	221	1	0	0	389	222	166	1	0	19	408	389	23
56	7	7591692	471922	213700608	93769728	52425512	53732263	1777664	9	9	0	9	1	1	0	1	2	226	224	5	0	226	226	4	0	1	1	1	2	225	223	4	0	0	0	0	0	396	4	622	226	170	225	1	0	0	396	226	169	1	0	19	415	396	23
57	7	7898687	507589	213700608	93769728	52425512	53732263	1794048	9	9	0	9	1	1	0	1	2	230	228	5	0	230	230	4	0	1	1	1	2	229	227	4	0	0	0	0	0	403	4	633	230	173	229	1	0	0	403	230	172	1	0	19	422	403	23
58	7	7691755	515790	213712896	93769728	52425512	53732263	1798144	9	9	0	9	1	1	0	1	2	234	232	5	0	234	234	4	0	1	1	1	2	233	231	4	0	0	0	0	0	410	4	644	234	176	233	1	0	0	410	234	175	1	0	19	429	410	23
59	7	7473383	488665	213716992	93769728	52425752	53732263	1802240	9	9	0	9	1	1	0	1	2	238	236	5	0	238	238	4	0	1	1	1	2	237	235	4	0	0	0	0	0	417	4	655	238	179	237	1	0	0	417	238	178	1	0	19	436	417	23
60	7	9599603	435176	213725184	93769728	52453536	53740455	1810432	9	9	0	9	1	1	0	1	2	242	240	5	0	242	242	4	0	1	1	1	2	241	239	4	0	0	0	0	0	424	4	666	242	182	241	1	0	0	424	242	181	1	0	19	443	424	23
61	7	6840755	416039	213733376	93769728	52434976	53732263	1810432	9	9	0	9	1	1	0	1	2	246	244	5	0	246	246	4	0	1	1	1	2	245	243	4	0	0	0	0	0	431	4	677	246	185	245	1	0	0	431	246	184	1	0	19	450	431	23
62	7	7797753	526063	213733376	93769728	52436288	53732263	1818624	9	9	0	9	1	1	0	1	2	250	248	5	0	250	250	4	0	1	1	1	2	249	247	4	0	0	0	0	0	438	4	688	250	188	249	1	0	0	438	250	187	1	0	19	457	438	23
63	7	7457994	587501	213745664	93769728	52436288	53732263	1822720	9	9	0	9	1	1	0	1	2	254	252	5	0	254	254	4	0	1	1	1	2	253	251	4	0	0	0	0	0	445	4	699	254	191	253	1	0	0	445	254	190	1	0	19	464	445	23
64	7	7864638	458135	213770240	93769728	52441144	53732263	1826816	9	9	0	9	1	1	0	1	2	258	256	5	0	258	258	4	0	1	1	1	2	257	255	4	0	0	0	0	0	452	4	710	258	194	257	1	0	0	452	258	193	1	0	19	471	452	23
65	7	7317052	482180	213786624	93769728	52441144	53732263	1839104	9	9	0	9	1	1	0	1	2	262	260	5	0	262	262	4	0	1	1	1	2	261	259	4	0	0	0	0	0	459	4	721	262	197	261	1	0	0	459	262	196	1	0	19	478	459	23
66	7	8272377	516620	213798912	93769728	52443088	53732263	1839104	9	9	0	9	1	1	0	1	2	266	264	5	0	266	266	4	0	1	1	1	2	265	263	4	0	0	0	0	0	466	4	732	266	200	265	1	0	0	466	266	199	1	0	19	485	466	23
67	7	8298940	696378	213803008	93769728	52443088	53732263	1847296	9	9	0	9	1	1	0	1	2	270	268	5	0	270	270	4	0	1	1	1	2	269	267	4	0	0	0	0	0	473	4	743	270	203	269	1	0	0	473	270	202	1	0	19	492	473	23
68	7	7743565	476301	213811200	93769728	52443088	53732263	1851392	9	9	0	9	1	1	0	1	2	274	272	5	0	274	274	4	0	1	1	1	2	273	271	4	0	0	0	0	0	480	4	754	274	206	273	1	0	0	480	274	205	1	0	19	499	480	23
69	7	7207605	421894	213815296	93769728	52443088	53732263	1851392	9	9	0	9	1	1	0	1	2	278	276	5	0	278	278	4	0	1	1	1	2	277	275	4	0	0	0	0	0	487	4	765	278	209	277	1	0	0	487	278	208	1	0	19	506	487	23
70	7	7297488	454615	213819392	93769728	52443088	53732263	1863680	9	9	0	9	1	1	0	1	2	282	280	5	0	282	282	4	0	1	1	1	2	281	279	4	0	0	0	0	0	494	4	776	282	212	281	1	0	0	494	282	211	1	0	19	513	494	23
71	7	7817393	468664	213831680	93769728	52443088	53732263	1867776	9	9	0	9	1	1	0	1	2	286	284	5	0	286	286	4	0	1	1	1	2	285	283	4	0	0	0	0	0	501	4	787	286	215	285	1	0	0	501	286	214	1	0	19	520	501	23
72	7	8771568	410851	213839872	93769728	52466144	53732263	1867776	9	9	0	9	1	1	0	1	2	290	288	5	0	290	290	4	0	1	1	1	2	289	287	4	0	0	0	0	0	508	4	798	290	218	289	1	0	0	508	290	217	1	0	19	527	508	23
73	7	6679272	412925	213839872	93769728	52449760	53732263	1875968	9	9	0	9	1	1	0	1	2	294	292	5	0	294	294	4	0	1	1	1	2	293	291	4	0	0	0	0	0	515	4	809	294	221	293	1	0	0	515	294	220	1	0	19	534	515	23
74	7	7399029	468883	213848064	93769728	52449760	53732263	1880064	9	9	0	9	1	1	0	1	2	298	296	5	0	298	298	4	0	1	1	1	2	297	295	4	0	0	0	0	0	522	4	820	298	224	297	1	0	0	522	298	223	1	0	19	541	522	23
75	7	7423036	433350	213852160	93769728	52449760	53732263	1884160	9	9	0	9	1	1	0	1	2	302	300	5	0	302	302	4	0	1	1	1	2	301	299	4	0	0	0	0	0	529	4	831	302	227	301	1	0	0	529	302	226	1	0	19	548	529	23
76	7	7276632	468753	213856256	93769728	52449760	53732263	1892352	9	9	0	9	1	1	0	1	2	306	304	5	0	306	306	4	0	1	1	1	2	305	303	4	0	0	0	0	0	536	4	842	306	230	305	1	0	0	536	306	229	1	0	19	555	536	23
77	7	7666303	459697	213860352	93769728	52449760	53732263	1896448	9	9	0	9	1	1	0	1	2	310	308	5	0	310	310	4	0	1	1	1	2	309	307	4	0	0	0	0	0	543	4	853	310	233	309	1	0	0	543	310	232	1	0	19	562	543	23
78	7	7495002	516940	213864448	93769728	52449760	53732263	1900544	9	9	0	9	1	1	0	1	2	314	312	5	0	314	314	4	0	1	1	1	2	313	311	4	0	0	0	0	0	550	4	864	314	236	313	1	0	0	550	314	235	1	0	19	569	550	23
79	7	9504302	490267	213860352	93769728	52470112	53732263	1904640	9	9	0	9	1	1	0	1	2	318	316	5	0	318	318	4	0	1	1	1	2	317	315	4	0	0	0	0	0	557	4	875	318	239	317	1	0	0	557	318	238	1	0	19	576	557	23
80	7	7117267	466561	213868544	93769728	52469808	53732263	1916928	9	9	0	9	1	1	0	1	2	322	320	5	0	322	322	4	0	1	1	1	2	321	319	4	0	0	0	0	0	564	4	886	322	242	321	1	0	0	564	322	241	1	0	19	583	564	23
81	7	7322169	424141	213880832	93769728	52469808	53740455	1921024	9	9	0	9	1	1	0	1	2	326	324	5	0	326	326	4	0	1	1	1	2	325	323	4	0	0	0	0	0	571	4	897	326	245	325	1	0	0	571	326	244	1	0	19	590	571	23
82	7	7814991	479785	213889024	93769728	52470704	53732263	1921024	9	9	0	9	1	1	0	1	2	330	328	5	0	330	330	4	0	1	1	1	2	329	327	4	0	0	0	0	0	578	4	908	330	248	329	1	0	0	578	330	247	1	0	19	597	578	23
83	7	7351462	580815	213889024	93769728	52470704	53732263	1925120	9	9	0	9	1	1	0	1	2	334	332	5	0	334	334	4	0	1	1	1	2	333	331	4	0	0	0	0	0	585	4	919	334	251	333	1	0	0	585	334	250	1	0	19	604	585	23
84	7	9296624	543050	213917696	93769728	52499208	53732263	1933312	9	9	0	9	1	1	0	1	2	338	336	5	0	338	338	4	0	1	1	1	2	337	335	4	0	0	0	0	0	592	4	930	338	254	337	1	0	0	592	338	253	1	0	19	611	592	23
85	7	6642503	469705	213925888	93769728	52484240	53732263	1937408	9	9	0	9	1	1	0	1	2	342	340	5	0	342	342	4	0	1	1	1	2	341	339	4	0	0	0	0	0	599	4	941	342	257	341	1	0	0	599	342	256	1	0	19	618	599	23
86	7	7546108	458596	213929984	93769728	52485384	53732263	1937408	9	9	0	9	1	1	0	1	2	346	344	5	0	346	346	4	0	1	1	1	2	345	343	4	0	0	0	0	0	606	4	952	346	260	345	1	0	0	606	346	259	1	0	19	625	606	23
87	7	7204182	480898	213929984	93769728	52483288	53732263	1953792	9	9	0	9	1	1	0	1	2	350	348	5	0	350	350	4	0	1	1	1	2	349	347	4	0	0	0	0	0	613	4	963	350	263	349	1	0	0	613	350	262	1	0	19	632	613	23
88	7	8063426	400264	213946368	93769728	52483360	53732263	1953792	9	9	0	9	1	1	0	1	2	354	352	5	0	354	354	4	0	1	1	1	2	353	351	4	0	0	0	0	0	620	4	974	354	266	353	1	0	0	620	354	265	1	0	19	639	620	23
89	7	7843161	402005	213954560	93769728	52487896	53732263	1957888	9	9	0	9	1	1	0	1	2	358	356	5	0	358	358	4	0	1	1	1	2	357	355	4	0	0	0	0	0	627	4	985	358	269	357	1	0	0	627	358	268	1	0	19	646	627	23
90	7	7983156	510022	213958656	93769728	52487896	53732263	1966080	9	9	0	9	1	1	0	1	2	362	360	5	0	362	362	4	0	1	1	1	2	361	359	4	0	0	0	0	0	634	4	996	362	272	361	1	0	0	634	362	271	1	0	19	653	634	23
91	7	8453824	513189	213966848	93769728	52487896	53732263	1966080	9	9	0	9	1	1	0	1	2	366	364	5	0	366	366	4	0	1	1	1	2	365	363	4	0	0	0	0	0	641	4	1007	366	275	365	1	0	0	641	366	274	1	0	19	660	641	23
92	7	7210649	340478	213966848	93769728	52487960	53732263	1978368	9	9	0	9	1	1	0	1	2	370	368	5	0	370	370	4	0	1	1	1	2	369	367	4	0	0	0	0	0	648	4	1018	370	278	369	1	0	0	648	370	277	1	0	19	667	648	23
93	7	7769716	396142	213979136	93769728	52489184	53732263	1978368	9	9	0	9	1	1	0	1	2	374	372	5	0	374	374	4	0	1	1	1	2	373	371	4	0	0	0	0	0	655	4	1029	374	281	373	1	0	0	655	374	280	1	0	19	674	655	23
94	7	7266848	564634	213979136	93769728	52489184	53732263	1986560	9	9	0	9	1	1	0	1	2	378	376	5	0	378	378	4	0	1	1	1	2	377	375	4	0	0	0	0	0	662	4	1040	378	284	377	1	0	0	662	378	283	1	0	19	681	662	23
95	7	7290994	576174	213987328	93769728	52489184	53732263	1994752	9	9	0	9	1	1	0	1	2	382	380	5	0	382	382	4	0	1	1	1	2	381	379	4	0	0	0	0	0	669	4	1051	382	287	381	1	0	0	669	382	286	1	0	19	688	669	23
96	7	7665744	379072	213995520	93769728	52505952	53732263	1994752	9	9	0	9	1	1	0	1	2	386	384	5	0	386	386	4	0	1	1	1	2	385	383	4	0	0	0	0	0	676	4	1062	386	290	385	1	0	0	676	386	289	1	0	19	695	676	23
97	7	6768013	447101	213999616	93769728	52489184	53732263	2007040	9	9	0	9	1	1	0	1	2	390	388	5	0	390	390	4	0	1	1	1	2	389	387	4	0	0	0	0	0	683	4	1073	390	293	389	1	0	0	683	390	292	1	0	19	702	683	23
98	7	7935308	413818	214020096	93769728	52524864	53732263	2007040	9	9	0	9	1	1	0	1	2	394	392	5	0	394	394	4	0	1	1	1	2	393	391	4	0	0	0	0	0	690	4	1084	394	296	393	1	0	0	690	394	295	1	0	19	709	690	23
99	7	7494249	444862	214020096	93769728	52491600	53732263	2007040	9	9	0	9	1	1	0	1	2	398	396	5	0	398	398	4	0	1	1	1	2	397	395	4	0	0	0	0	0	697	4	1095	398	299	397	1	0	0	697	398	298	1	0	19	716	697	23
100	7	7212299	522063	214020096	93769728	52489184	53732263	2019328	9	9	0	9	1	1	0	1	2	402	400	5	0	402	402	4	0	1	1	1	2	401	399	4	0	0	0	0	0	704	4	1106	402	302	401	1	0	0	704	402	301	1	0	19	723	704	23
101	7	7668245	470535	214032384	93769728	52489184	53732263	2031616	9	9	0	9	1	1	0	1	2	406	404	5	0	406	406	4	0	1	1	1	2	405	403	4	0	0	0	0	0	711	4	1117	406	305	405	1	0	0	711	406	304	1	0	19	730	711	23
