block	steps	btime	ctime	rss	heapTotal	heapUsed	external	disk	kernelObjects	kernelObjectsUp	kernelObjectsDown	kernelObjectsMax	kernelDevices	kernelDevicesUp	kernelDevicesDown	kernelDevicesMax	kernelPromises	kernelPromisesUp	kernelPromisesDown	kernelPromisesMax	kpUnresolved	kpUnresolvedUp	kpUnresolvedDown	kpUnresolvedMax	kpFulfilledToPresence	kpFulfilledToPresenceUp	kpFulfilledToPresenceDown	kpFulfilledToPresenceMax	kpFulfilledToData	kpFulfilledToDataUp	kpFulfilledToDataDown	kpFulfilledToDataMax	kpRejected	kpRejectedUp	kpRejectedDown	kpRejectedMax	runQueueLength	runQueueLengthUp	runQueueLengthMax	syscalls	syscallSend	syscallSubscribe	syscallFulfillToData	syscallFulfillToPresence	syscallReject	syscallCallNow	dispatches	dispatchDeliver	dispatchNotifyFulfillToData	dispatchNotifyFulfillToPresence	dispatchReject	clistEntries	clistEntriesUp	clistEntriesDown	clistEntriesMax
1	244	1275292731	5384914	309166080	156225536	64991424	88189431	9322496	83	83	0	83	1	1	0	1	22	120	98	27	1	120	119	11	8	48	40	8	13	71	58	15	0	0	0	0	0	244	10	365	116	129	71	48	0	1	243	115	69	59	0	228	459	231	235
2	161	140191049	679694	287981568	112709632	63577448	61311519	9629696	129	129	0	129	1	1	0	1	43	199	156	48	1	199	198	11	16	76	60	16	26	122	96	28	0	0	0	0	0	405	10	605	189	217	122	76	0	1	404	188	119	97	0	354	736	382	361
3	161	128124366	799622	247865344	112709632	63323336	61311519	9629696	175	175	0	175	1	1	0	1	63	278	215	68	1	278	277	11	24	104	80	24	38	173	135	40	0	0	0	0	0	566	10	845	262	305	173	104	0	1	565	261	169	135	0	480	1013	533	487
4	161	127860364	800343	248016896	112709632	62867832	61311519	9629696	221	221	0	221	1	1	0	1	83	357	274	88	1	357	356	11	32	132	100	32	50	224	174	52	0	0	0	0	0	727	10	1085	335	393	224	132	0	1	726	334	219	173	0	606	1290	684	613
5	161	126141445	825142	248213504	112709632	63057656	61319711	9629696	267	267	0	267	1	1	0	1	103	436	333	108	1	436	435	11	40	160	120	40	62	275	213	64	0	0	0	0	0	888	10	1325	408	481	275	160	0	1	887	407	269	211	0	732	1567	835	739
6	161	128842462	1122168	249061376	112971776	63552600	61311519	9629696	313	313	0	313	1	1	0	1	123	515	392	128	1	515	514	11	48	188	140	48	74	326	252	76	0	0	0	0	0	1049	10	1565	481	569	326	188	0	1	1048	480	319	249	0	858	1844	986	865
7	161	122533977	1222804	249171968	112971776	63720896	61311519	9703424	359	359	0	359	1	1	0	1	143	594	451	148	1	594	593	11	56	216	160	56	86	377	291	88	0	0	0	0	0	1210	10	1805	554	657	377	216	0	1	1209	553	369	287	0	984	2121	1137	991
8	161	126719850	766689	249225216	112971776	63911336	61311519	9936896	405	405	0	405	1	1	0	1	163	673	510	168	1	673	672	11	64	244	180	64	98	428	330	100	0	0	0	0	0	1371	10	2045	627	745	428	244	0	1	1370	626	419	325	0	1110	2398	1288	1117
9	161	114785961	878135	249311232	112971776	64078352	61311519	10149888	451	451	0	451	1	1	0	1	183	752	569	188	1	752	751	11	72	272	200	72	110	479	369	112	0	0	0	0	0	1532	10	2285	700	833	479	272	0	1	1531	699	469	363	0	1236	2675	1439	1243
10	161	120440902	951128	249454592	112971776	64320472	61311519	10350592	497	497	0	497	1	1	0	1	203	831	628	208	1	831	830	11	80	300	220	80	122	530	408	124	0	0	0	0	0	1693	10	2525	773	921	530	300	0	1	1692	772	519	401	0	1362	2952	1590	1369
11	161	132860564	937045	249536512	113233920	64492352	61311519	10555392	543	543	0	543	1	1	0	1	223	910	687	228	1	910	909	11	88	328	240	88	134	581	447	136	0	0	0	0	0	1854	10	2765	846	1009	581	328	0	1	1853	845	569	439	0	1488	3229	1741	1495
12	161	119986520	836512	249880576	113496064	64745568	61319711	10776576	589	589	0	589	1	1	0	1	243	989	746	248	1	989	988	11	96	356	260	96	146	632	486	148	0	0	0	0	0	2015	10	3005	919	1097	632	356	0	1	2014	918	619	477	0	1614	3506	1892	1621
13	161	126638030	1332912	250908672	113496064	64980576	61311519	10977280	635	635	0	635	1	1	0	1	263	1068	805	268	1	1068	1067	11	104	384	280	104	158	683	525	160	0	0	0	0	0	2176	10	3245	992	1185	683	384	0	1	2175	991	669	515	0	1740	3783	2043	1747
14	161	124174835	1266110	250986496	113758208	65191632	61311519	11202560	681	681	0	681	1	1	0	1	283	1147	864	288	1	1147	1146	11	112	412	300	112	170	734	564	172	0	0	0	0	0	2337	10	3485	1065	1273	734	412	0	1	2336	1064	719	553	0	1866	4060	2194	1873
15	161	126808720	1026830	251334656	113758208	65349264	61311519	11403264	727	727	0	727	1	1	0	1	303	1226	923	308	1	1226	1225	11	120	440	320	120	182	785	603	184	0	0	0	0	0	2498	10	3725	1138	1361	785	440	0	1	2497	1137	769	591	0	1992	4337	2345	1999
16	161	119115405	908415	251465728	114020352	65525616	61311519	11612160	773	773	0	773	1	1	0	1	323	1305	982	328	1	1305	1304	11	128	468	340	128	194	836	642	196	0	0	0	0	0	2659	10	3965	1211	1449	836	468	0	1	2658	1210	819	629	0	2118	4614	2496	2125
17	161	128764989	1203015	251604992	114020352	65666488	61311519	11841536	819	819	0	819	1	1	0	1	343	1384	1041	348	1	1384	1383	11	136	496	360	136	206	887	681	208	0	0	0	0	0	2820	10	4205	1284	1537	887	496	0	1	2819	1283	869	667	0	2244	4891	2647	2251
18	161	128011944	1083565	251895808	114282496	65863352	61311519	12058624	865	865	0	865	1	1	0	1	363	1463	1100	368	1	1463	1462	11	144	524	380	144	218	938	720	220	0	0	0	0	0	2981	10	4445	1357	1625	938	524	0	1	2980	1356	919	705	0	2370	5168	2798	2377
19	161	128646237	1115817	252125184	114544640	66012248	61319711	12263424	911	911	0	911	1	1	0	1	383	1542	1159	388	1	1542	1541	11	152	552	400	152	230	989	759	232	0	0	0	0	0	3142	10	4685	1430	1713	989	552	0	1	3141	1429	969	743	0	2496	5445	2949	2503
20	161	127530797	1055199	252469248	114806784	66212744	61311519	12460032	957	957	0	957	1	1	0	1	403	1621	1218	408	1	1621	1620	11	160	580	420	160	242	1040	798	244	0	0	0	0	0	3303	10	4925	1503	1801	1040	580	0	1	3302	1502	1019	781	0	2622	5722	3100	2629
21	161	122243727	911049	252862464	115068928	66465368	61311519	12660736	1003	1003	0	1003	1	1	0	1	423	1700	1277	428	1	1700	1699	11	168	608	440	168	254	1091	837	256	0	0	0	0	0	3464	10	5165	1576	1889	1091	608	0	1	3463	1575	1069	819	0	2748	5999	3251	2755
22	161	128803003	1108402	252981248	115331072	66597704	61311519	12849152	1049	1049	0	1049	1	1	0	1	443	1779	1336	448	1	1779	1778	11	176	636	460	176	266	1142	876	268	0	0	0	0	0	3625	10	5405	1649	1977	1142	636	0	1	3624	1648	1119	857	0	2874	6276	3402	2881
23	161	129369660	1108927	253857792	116117504	67263680	61311519	13062144	1095	1095	0	1095	1	1	0	1	463	1858	1395	468	1	1858	1857	11	184	664	480	184	278	1193	915	280	0	0	0	0	0	3786	10	5645	1722	2065	1193	664	0	1	3785	1721	1169	895	0	3000	6553	3553	3007
24	161	120560369	1171197	253976576	116117504	67426464	61311519	13275136	1141	1141	0	1141	1	1	0	1	483	1937	1454	488	1	1937	1936	11	192	692	500	192	290	1244	954	292	0	0	0	0	0	3947	10	5885	1795	2153	1244	692	0	1	3946	1794	1219	933	0	3126	6830	3704	3133
25	161	117212031	1007584	254148608	116117504	67603360	61311519	13488128	1187	1187	0	1187	1	1	0	1	503	2016	1513	508	1	2016	2015	11	200	720	520	200	302	1295	993	304	0	0	0	0	0	4108	10	6125	1868	2241	1295	720	0	1	4107	1867	1269	971	0	3252	7107	3855	3259
26	161	119082289	1232009	254423040	116117504	67859424	61319711	13733888	1233	1233	0	1233	1	1	0	1	523	2095	1572	528	1	2095	2094	11	208	748	540	208	314	1346	1032	316	0	0	0	0	0	4269	10	6365	1941	2329	1346	748	0	1	4268	1940	1319	1009	0	3378	7384	4006	3385
27	161	128760262	1147676	254713856	116379648	68010872	61311519	13946880	1279	1279	0	1279	1	1	0	1	543	2174	1631	548	1	2174	2173	11	216	776	560	216	326	1397	1071	328	0	0	0	0	0	4430	10	6605	2014	2417	1397	776	0	1	4429	2013	1369	1047	0	3504	7661	4157	3511
28	161	136681076	1015728	254844928	116379648	68161216	61311519	14180352	1325	1325	0	1325	1	1	0	1	563	2253	1690	568	1	2253	2252	11	224	804	580	224	338	1448	1110	340	0	0	0	0	0	4591	10	6845	2087	2505	1448	804	0	1	4590	2086	1419	1085	0	3630	7938	4308	3637
29	161	134219815	852162	255295488	116641792	68418632	61311519	14409728	1371	1371	0	1371	1	1	0	1	583	2332	1749	588	1	2332	2331	11	232	832	600	232	350	1499	1149	352	0	0	0	0	0	4752	10	7085	2160	2593	1499	832	0	1	4751	2159	1469	1123	0	3756	8215	4459	3763
30	161	119186066	1114966	255471616	116903936	68564744	61311519	14630912	1417	1417	0	1417	1	1	0	1	603	2411	1808	608	1	2411	2410	11	240	860	620	240	362	1550	1188	364	0	0	0	0	0	4913	10	7325	2233	2681	1550	860	0	1	4912	2232	1519	1161	0	3882	8492	4610	3889
31	161	115476577	1210041	255827968	116903936	68705232	61311519	14852096	1463	1463	0	1463	1	1	0	1	623	2490	1867	628	1	2490	2489	11	248	888	640	248	374	1601	1227	376	0	0	0	0	0	5074	10	7565	2306	2769	1601	888	0	1	5073	2305	1569	1199	0	4008	8769	4761	4015
32	161	131873793	1194539	256086016	117301248	68923752	61319711	15056896	1509	1509	0	1509	1	1	0	1	643	2569	1926	648	1	2569	2568	11	256	916	660	256	386	1652	1266	388	0	0	0	0	0	5235	10	7805	2379	2857	1652	916	0	1	5234	2378	1619	1237	0	4134	9046	4912	4141
33	161	143824865	1242694	256217088	117301248	69107424	61311519	15245312	1555	1555	0	1555	1	1	0	1	663	2648	1985	668	1	2648	2647	11	264	944	680	264	398	1703	1305	400	0	0	0	0	0	5396	10	8045	2452	2945	1703	944	0	1	5395	2451	1669	1275	0	4260	9323	5063	4267
34	161	118764315	1265758	256491520	117563392	69255328	61311519	15454208	1601	1601	0	1601	1	1	0	1	683	2727	2044	688	1	2727	2726	11	272	972	700	272	410	1754	1344	412	0	0	0	0	0	5557	10	8285	2525	3033	1754	972	0	1	5556	2524	1719	1313	0	4386	9600	5214	4393
35	161	110633465	1134922	257015808	117563392	69466168	61311519	15659008	1647	1647	0	1647	1	1	0	1	703	2806	2103	708	1	2806	2805	11	280	1000	720	280	422	1805	1383	424	0	0	0	0	0	5718	10	8525	2598	3121	1805	1000	0	1	5717	2597	1769	1351	0	4512	9877	5365	4519
36	161	127456082	1175835	257101824	117825536	69591416	61311519	15876096	1693	1693	0	1693	1	1	0	1	723	2885	2162	728	1	2885	2884	11	288	1028	740	288	434	1856	1422	436	0	0	0	0	0	5879	10	8765	2671	3209	1856	1028	0	1	5878	2670	1819	1389	0	4638	10154	5516	4645
37	161	139543753	5152210	257368064	117825536	69823344	61311519	16101376	1739	1739	0	1739	1	1	0	1	743	2964	2221	748	1	2964	2963	11	296	1056	760	296	446	1907	1461	448	0	0	0	0	0	6040	10	9005	2744	3297	1907	1056	0	1	6039	2743	1869	1427	0	4764	10431	5667	4771
38	161	120087064	1364070	257449984	118087680	69940128	61311519	16306176	1785	1785	0	1785	1	1	0	1	763	3043	2280	768	1	3043	3042	11	304	1084	780	304	458	1958	1500	460	0	0	0	0	0	6201	10	9245	2817	3385	1958	1084	0	1	6200	2816	1919	1465	0	4890	10708	5818	4897
39	161	136399295	1204713	257830912	118349824	70079808	61319711	16523264	1831	1831	0	1831	1	1	0	1	783	3122	2339	788	1	3122	3121	11	312	1112	800	312	470	2009	1539	472	0	0	0	0	0	6362	10	9485	2890	3473	2009	1112	0	1	6361	2889	1969	1503	0	5016	10985	5969	5023
40	161	122864864	1120456	258052096	118611968	70239248	61311519	16736256	1877	1877	0	1877	1	1	0	1	803	3201	2398	808	1	3201	3200	11	320	1140	820	320	482	2060	1578	484	0	0	0	0	0	6523	10	9725	2963	3561	2060	1140	0	1	6522	2962	2019	1541	0	5142	11262	6120	5149
41	161	113011359	1014815	258412544	118611968	70352640	61311519	16949248	1923	1923	0	1923	1	1	0	1	823	3280	2457	828	1	3280	3279	11	328	1168	840	328	494	2111	1617	496	0	0	0	0	0	6684	10	9965	3036	3649	2111	1168	0	1	6683	3035	2069	1579	0	5268	11539	6271	5275
42	161	141002865	1064626	258920448	119017472	70687920	61311519	17162240	1969	1969	0	1969	1	1	0	1	843	3359	2516	848	1	3359	3358	11	336	1196	860	336	506	2162	1656	508	0	0	0	0	0	6845	10	10205	3109	3737	2162	1196	0	1	6844	3108	2119	1617	0	5394	11816	6422	5401
43	161	113955151	1005184	259227648	119279616	70829136	61311519	17375232	2015	2015	0	2015	1	1	0	1	863	3438	2575	868	1	3438	3437	11	344	1224	880	344	518	2213	1695	520	0	0	0	0	0	7006	10	10445	3182	3825	2213	1224	0	1	7005	3181	2169	1655	0	5520	12093	6573	5527
44	161	148170432	1465765	259342336	119279616	70981496	61311519	17567744	2061	2061	0	2061	1	1	0	1	883	3517	2634	888	1	3517	3516	11	352	1252	900	352	530	2264	1734	532	0	0	0	0	0	7167	10	10685	3255	3913	2264	1252	0	1	7166	3254	2219	1693	0	5646	12370	6724	5653
45	161	130975783	7897257	259465216	119279616	71111328	61311519	17788928	2107	2107	0	2107	1	1	0	1	903	3596	2693	908	1	3596	3595	11	360	1280	920	360	542	2315	1773	544	0	0	0	0	0	7328	10	10925	3328	4001	2315	1280	0	1	7327	3327	2269	1731	0	5772	12647	6875	5779
46	161	115974716	969278	259727360	119279616	71277568	61319711	18030592	2153	2153	0	2153	1	1	0	1	923	3675	2752	928	1	3675	3674	11	368	1308	940	368	554	2366	1812	556	0	0	0	0	0	7489	10	11165	3401	4089	2366	1308	0	1	7488	3400	2319	1769	0	5898	12924	7026	5905
47	161	134381907	1260292	260075520	119541760	71418064	61311519	18255872	2199	2199	0	2199	1	1	0	1	943	3754	2811	948	1	3754	3753	11	376	1336	960	376	566	2417	1851	568	0	0	0	0	0	7650	10	11405	3474	4177	2417	1336	0	1	7649	3473	2369	1807	0	6024	13201	7177	6031
48	161	129170944	1175171	260374528	119803904	71596864	61311519	18440192	2245	2245	0	2245	1	1	0	1	963	3833	2870	968	1	3833	3832	11	384	1364	980	384	578	2468	1890	580	0	0	0	0	0	7811	10	11645	3547	4265	2468	1364	0	1	7810	3546	2419	1845	0	6150	13478	7328	6157
49	161	125425631	1179757	260808704	120066048	71768560	61311519	18640896	2291	2291	0	2291	1	1	0	1	983	3912	2929	988	1	3912	3911	11	392	1392	1000	392	590	2519	1929	592	0	0	0	0	0	7972	10	11885	3620	4353	2519	1392	0	1	7971	3619	2469	1883	0	6276	13755	7479	6283
50	161	128803578	1432090	260898816	120066048	71960880	61311519	18878464	2337	2337	0	2337	1	1	0	1	1003	3991	2988	1008	1	3991	3990	11	400	1420	1020	400	602	2570	1968	604	0	0	0	0	0	8133	10	12125	3693	4441	2570	1420	0	1	8132	3692	2519	1921	0	6402	14032	7630	6409
51	161	127877569	1225837	260988928	120066048	72074176	61311519	19087360	2383	2383	0	2383	1	1	0	1	1023	4070	3047	1028	1	4070	4069	11	408	1448	1040	408	614	2621	2007	616	0	0	0	0	0	8294	10	12365	3766	4529	2621	1448	0	1	8293	3765	2569	1959	0	6528	14309	7781	6535
52	161	125095402	1270282	261189632	120590336	72249776	61319711	19283968	2429	2429	0	2429	1	1	0	1	1043	4149	3106	1048	1	4149	4148	11	416	1476	1060	416	626	2672	2046	628	0	0	0	0	0	8455	10	12605	3839	4617	2672	1476	0	1	8454	3838	2619	1997	0	6654	14586	7932	6661
53	161	125496579	1333748	261656576	120590336	72351800	61311519	19476480	2475	2475	0	2475	1	1	0	1	1063	4228	3165	1068	1	4228	4227	11	424	1504	1080	424	638	2723	2085	640	0	0	0	0	0	8616	10	12845	3912	4705	2723	1504	0	1	8615	3911	2669	2035	0	6780	14863	8083	6787
54	161	112437531	1225738	261730304	120590336	72481880	61311519	19693568	2521	2521	0	2521	1	1	0	1	1083	4307	3224	1088	1	4307	4306	11	432	1532	1100	432	650	2774	2124	652	0	0	0	0	0	8777	10	13085	3985	4793	2774	1532	0	1	8776	3984	2719	2073	0	6906	15140	8234	6913
55	161	130424154	3150379	263348224	122036224	73746688	61311519	19935232	2567	2567	0	2567	1	1	0	1	1103	4386	3283	1108	1	4386	4385	11	440	1560	1120	440	662	2825	2163	664	0	0	0	0	0	8938	10	13325	4058	4881	2825	1560	0	1	8937	4057	2769	2111	0	7032	15417	8385	7039
56	161	116567607	1123076	263434240	122036224	73906168	61311519	20152320	2613	2613	0	2613	1	1	0	1	1123	4465	3342	1128	1	4465	4464	11	448	1588	1140	448	674	2876	2202	676	0	0	0	0	0	9099	10	13565	4131	4969	2876	1588	0	1	9098	4130	2819	2149	0	7158	15694	8536	7165
57	161	147059257	1377503	263598080	122560512	74038080	61311519	20365312	2659	2659	0	2659	1	1	0	1	1143	4544	3401	1148	1	4544	4543	11	456	1616	1160	456	686	2927	2241	688	0	0	0	0	0	9260	10	13805	4204	5057	2927	1616	0	1	9259	4203	2869	2187	0	7284	15971	8687	7291
58	161	123960821	7402093	263966720	122560512	74164656	61311519	20578304	2705	2705	0	2705	1	1	0	1	1163	4623	3460	1168	1	4623	4622	11	464	1644	1180	464	698	2978	2280	700	0	0	0	0	0	9421	10	14045	4277	5145	2978	1644	0	1	9420	4276	2919	2225	0	7410	16248	8838	7417
59	161	143423228	7166057	264323072	122822656	74374120	61319711	20791296	2751	2751	0	2751	1	1	0	1	1183	4702	3519	1188	1	4702	4701	11	472	1672	1200	472	710	3029	2319	712	0	0	0	0	0	9582	10	14285	4350	5233	3029	1672	0	1	9581	4349	2969	2263	0	7536	16525	8989	7543
60	161	113865755	1035675	264589312	123084800	74516616	61311519	21012480	2797	2797	0	2797	1	1	0	1	1203	4781	3578	1208	1	4781	4780	11	480	1700	1220	480	722	3080	2358	724	0	0	0	0	0	9743	10	14525	4423	5321	3080	1700	0	1	9742	4422	3019	2301	0	7662	16802	9140	7669
61	161	145816484	3807521	264814592	123084800	74629152	61311519	21245952	2843	2843	0	2843	1	1	0	1	1223	4860	3637	1228	1	4860	4859	11	488	1728	1240	488	734	3131	2397	736	0	0	0	0	0	9904	10	14765	4496	5409	3131	1728	0	1	9903	4495	3069	2339	0	7788	17079	9291	7795
62	161	119938186	4125686	265015296	123346944	74782736	61311519	21483520	2889	2889	0	2889	1	1	0	1	1243	4939	3696	1248	1	4939	4938	11	496	1756	1260	496	746	3182	2436	748	0	0	0	0	0	10065	10	15005	4569	5497	3182	1756	0	1	10064	4568	3119	2377	0	7914	17356	9442	7921
63	161	124082118	5772203	265396224	123609088	74921624	61311519	21684224	2935	2935	0	2935	1	1	0	1	1263	5018	3755	1268	1	5018	5017	11	504	1784	1280	504	758	3233	2475	760	0	0	0	0	0	10226	10	15245	4642	5585	3233	1784	0	1	10225	4641	3169	2415	0	8040	17633	9593	8047
64	161	124656991	3908584	265682944	123740160	75171984	61311519	21893120	2981	2981	0	2981	1	1	0	1	1283	5097	3814	1288	1	5097	5096	11	512	1812	1300	512	770	3284	2514	772	0	0	0	0	0	10387	10	15485	4715	5673	3284	1812	0	1	10386	4714	3219	2453	0	8166	17910	9744	8173
65	161	122896915	6342766	265777152	123740160	75324104	61311519	22097920	3027	3027	0	3027	1	1	0	1	1303	5176	3873	1308	1	5176	5175	11	520	1840	1320	520	782	3335	2553	784	0	0	0	0	0	10548	10	15725	4788	5761	3335	1840	0	1	10547	4787	3269	2491	0	8292	18187	9895	8299
66	161	142612791	1272835	266096640	124002304	75453280	61319711	22319104	3073	3073	0	3073	1	1	0	1	1323	5255	3932	1328	1	5255	5254	11	528	1868	1340	528	794	3386	2592	796	0	0	0	0	0	10709	10	15965	4861	5849	3386	1868	0	1	10708	4860	3319	2529	0	8418	18464	10046	8425
67	161	121362887	7238055	266362880	124264448	75616656	61311519	22523904	3119	3119	0	3119	1	1	0	1	1343	5334	3991	1348	1	5334	5333	11	536	1896	1360	536	806	3437	2631	808	0	0	0	0	0	10870	10	16205	4934	5937	3437	1896	0	1	10869	4933	3369	2567	0	8544	18741	10197	8551
68	161	153603752	6881853	266633216	124526592	75775096	61311519	22753280	3165	3165	0	3165	1	1	0	1	1363	5413	4050	1368	1	5413	5412	11	544	1924	1380	544	818	3488	2670	820	0	0	0	0	0	11031	10	16445	5007	6025	3488	1924	0	1	11030	5006	3419	2605	0	8670	19018	10348	8677
69	161	117279755	1183318	266825728	124526592	75904376	61311519	22966272	3211	3211	0	3211	1	1	0	1	1383	5492	4109	1388	1	5492	5491	11	552	1952	1400	552	830	3539	2709	832	0	0	0	0	0	11192	10	16685	5080	6113	3539	1952	0	1	11191	5079	3469	2643	0	8796	19295	10499	8803
70	161	123838230	3289847	267051008	124788736	76081944	61311519	23183360	3257	3257	0	3257	1	1	0	1	1403	5571	4168	1408	1	5571	5570	11	560	1980	1420	560	842	3590	2748	844	0	0	0	0	0	11353	10	16925	5153	6201	3590	1980	0	1	11352	5152	3519	2681	0	8922	19572	10650	8929
71	161	156170601	3286898	267710464	125284352	76352224	61311519	23400448	3303	3303	0	3303	1	1	0	1	1423	5650	4227	1428	1	5650	5649	11	568	2008	1440	568	854	3641	2787	856	0	0	0	0	0	11514	10	17165	5226	6289	3641	2008	0	1	11513	5225	3569	2719	0	9048	19849	10801	9055
72	161	118528851	1379878	267804672	125284352	76480224	61319711	23658496	3349	3349	0	3349	1	1	0	1	1443	5729	4286	1448	1	5729	5728	11	576	2036	1460	576	866	3692	2826	868	0	0	0	0	0	11675	10	17405	5299	6377	3692	2036	0	1	11674	5298	3619	2757	0	9174	20126	10952	9181
73	161	127453359	5324741	267878400	125284352	76609024	61311519	23846912	3395	3395	0	3395	1	1	0	1	1463	5808	4345	1468	1	5808	5807	11	584	2064	1480	584	878	3743	2865	880	0	0	0	0	0	11836	10	17645	5372	6465	3743	2064	0	1	11835	5371	3669	2795	0	9300	20403	11103	9307
74	161	126854129	7292449	268193792	125546496	76760312	61311519	24039424	3441	3441	0	3441	1	1	0	1	1483	5887	4404	1488	1	5887	5886	11	592	2092	1500	592	890	3794	2904	892	0	0	0	0	0	11997	10	17885	5445	6553	3794	2092	0	1	11996	5444	3719	2833	0	9426	20680	11254	9433
75	161	128712086	3551069	268652544	126070784	77024200	61311519	24272896	3487	3487	0	3487	1	1	0	1	1503	5966	4463	1508	1	5966	5965	11	600	2120	1520	600	902	3845	2943	904	0	0	0	0	0	12158	10	18125	5518	6641	3845	2120	0	1	12157	5517	3769	2871	0	9552	20957	11405	9559
76	161	170319039	7502247	268947456	126332928	77196328	61311519	24510464	3533	3533	0	3533	1	1	0	1	1523	6045	4522	1528	1	6045	6044	11	608	2148	1540	608	914	3896	2982	916	0	0	0	0	0	12319	10	18365	5591	6729	3896	2148	0	1	12318	5590	3819	2909	0	9678	21234	11556	9685
77	161	130700321	1260618	269209600	126332928	77308016	61311519	24731648	3579	3579	0	3579	1	1	0	1	1543	6124	4581	1548	1	6124	6123	11	616	2176	1560	616	926	3947	3021	928	0	0	0	0	0	12480	10	18605	5664	6817	3947	2176	0	1	12479	5663	3869	2947	0	9804	21511	11707	9811
78	161	122513479	1198493	269463552	126595072	77484608	61311519	24965120	3625	3625	0	3625	1	1	0	1	1563	6203	4640	1568	1	6203	6202	11	624	2204	1580	624	938	3998	3060	940	0	0	0	0	0	12641	10	18845	5737	6905	3998	2204	0	1	12640	5736	3919	2985	0	9930	21788	11858	9937
79	161	173805553	8522412	269705216	126857216	77587408	61319711	25186304	3671	3671	0	3671	1	1	0	1	1583	6282	4699	1588	1	6282	6281	11	632	2232	1600	632	950	4049	3099	952	0	0	0	0	0	12802	10	19085	5810	6993	4049	2232	0	1	12801	5809	3969	3023	0	10056	22065	12009	10063
80	161	124344145	7801287	270004224	126857216	77758528	61311519	25399296	3717	3717	0	3717	1	1	0	1	1603	6361	4758	1608	1	6361	6360	11	640	2260	1620	640	962	4100	3138	964	0	0	0	0	0	12963	10	19325	5883	7081	4100	2260	0	1	12962	5882	4019	3061	0	10182	22342	12160	10189
81	161	124681186	7337787	270237696	127119360	77871352	61311519	25608192	3763	3763	0	3763	1	1	0	1	1623	6440	4817	1628	1	6440	6439	11	648	2288	1640	648	974	4151	3177	976	0	0	0	0	0	13124	10	19565	5956	7169	4151	2288	0	1	13123	5955	4069	3099	0	10308	22619	12311	10315
82	161	163691433	7227950	270401536	127119360	78007464	61311519	25829376	3809	3809	0	3809	1	1	0	1	1643	6519	4876	1648	1	6519	6518	11	656	2316	1660	656	986	4202	3216	988	0	0	0	0	0	13285	10	19805	6029	7257	4202	2316	0	1	13284	6028	4119	3137	0	10434	22896	12462	10441
83	161	122928370	5155214	270721024	127643648	78136296	61311519	26062848	3855	3855	0	3855	1	1	0	1	1663	6598	4935	1668	1	6598	6597	11	664	2344	1680	664	998	4253	3255	1000	0	0	0	0	0	13446	10	20045	6102	7345	4253	2344	0	1	13445	6101	4169	3175	0	10560	23173	12613	10567
84	161	125009985	8689375	271114240	127905792	78286624	61311519	26292224	3901	3901	0	3901	1	1	0	1	1683	6677	4994	1688	1	6677	6676	11	672	2372	1700	672	1010	4304	3294	1012	0	0	0	0	0	13607	10	20285	6175	7433	4304	2372	0	1	13606	6174	4219	3213	0	10686	23450	12764	10693
85	161	177900770	3869901	271818752	128299008	78800256	61319711	26517504	3947	3947	0	3947	1	1	0	1	1703	6756	5053	1708	1	6756	6755	11	680	2400	1720	680	1022	4355	3333	1024	0	0	0	0	0	13768	10	20525	6248	7521	4355	2400	0	1	13767	6247	4269	3251	0	10812	23727	12915	10819
86	161	123408264	3378065	272216064	128561152	78972072	61311519	26767360	3993	3993	0	3993	1	1	0	1	1723	6835	5112	1728	1	6835	6834	11	688	2428	1740	688	1034	4406	3372	1036	0	0	0	0	0	13929	10	20765	6321	7609	4406	2428	0	1	13928	6320	4319	3289	0	10938	24004	13066	10945
87	161	114580394	1281809	272310272	128561152	79099880	61311519	27013120	4039	4039	0	4039	1	1	0	1	1743	6914	5171	1748	1	6914	6913	11	696	2456	1760	696	1046	4457	3411	1048	0	0	0	0	0	14090	10	21005	6394	7697	4457	2456	0	1	14089	6393	4369	3327	0	11064	24281	13217	11071
88	161	161275856	3456794	272392192	128823296	79233640	61311519	27217920	4085	4085	0	4085	1	1	0	1	1763	6993	5230	1768	1	6993	6992	11	704	2484	1780	704	1058	4508	3450	1060	0	0	0	0	0	14251	10	21245	6467	7785	4508	2484	0	1	14250	6466	4419	3365	0	11190	24558	13368	11197
89	161	127585760	3758243	272719872	129085440	79381672	61311519	27451392	4131	4131	0	4131	1	1	0	1	1783	7072	5289	1788	1	7072	7071	11	712	2512	1800	712	1070	4559	3489	1072	0	0	0	0	0	14412	10	21485	6540	7873	4559	2512	0	1	14411	6539	4469	3403	0	11316	24835	13519	11323
90	161	125105079	7996938	273018880	129085440	79489648	61311519	27680768	4177	4177	0	4177	1	1	0	1	1803	7151	5348	1808	1	7151	7150	11	720	2540	1820	720	1082	4610	3528	1084	0	0	0	0	0	14573	10	21725	6613	7961	4610	2540	0	1	14572	6612	4519	3441	0	11442	25112	13670	11449
91	161	184359628	3882298	273133568	129085440	79627472	61311519	27918336	4223	4223	0	4223	1	1	0	1	1823	7230	5407	1828	1	7230	7229	11	728	2568	1840	728	1094	4661	3567	1096	0	0	0	0	0	14734	10	21965	6686	8049	4661	2568	0	1	14733	6685	4569	3479	0	11568	25389	13821	11575
92	161	124663004	1201850	273489920	129609728	79751288	61319711	28155904	4269	4269	0	4269	1	1	0	1	1843	7309	5466	1848	1	7309	7308	11	736	2596	1860	736	1106	4712	3606	1108	0	0	0	0	0	14895	10	22205	6759	8137	4712	2596	0	1	14894	6758	4619	3517	0	11694	25666	13972	11701
93	161	137772793	5958894	273788928	129609728	79887632	61311519	28389376	4315	4315	0	4315	1	1	0	1	1863	7388	5525	1868	1	7388	7387	11	744	2624	1880	744	1118	4763	3645	1120	0	0	0	0	0	15056	10	22445	6832	8225	4763	2624	0	1	15055	6831	4669	3555	0	11820	25943	14123	11827
94	161	143421277	8120134	274165760	129871872	80024376	61311519	28598272	4361	4361	0	4361	1	1	0	1	1883	7467	5584	1888	1	7467	7466	11	752	2652	1900	752	1130	4814	3684	1132	0	0	0	0	0	15217	10	22685	6905	8313	4814	2652	0	1	15216	6904	4719	3593	0	11946	26220	14274	11953
95	161	126895184	4843135	274309120	130134016	80154424	61311519	28803072	4407	4407	0	4407	1	1	0	1	1903	7546	5643	1908	1	7546	7545	11	760	2680	1920	760	1142	4865	3723	1144	0	0	0	0	0	15378	10	22925	6978	8401	4865	2680	0	1	15377	6977	4769	3631	0	12072	26497	14425	12079
96	161	120448294	1304588	274722816	130396160	80299232	61311519	29061120	4453	4453	0	4453	1	1	0	1	1923	7625	5702	1928	1	7625	7624	11	768	2708	1940	768	1154	4916	3762	1156	0	0	0	0	0	15539	10	23165	7051	8489	4916	2708	0	1	15538	7050	4819	3669	0	12198	26774	14576	12205
97	161	148985940	8223866	275304448	130793472	80571640	61311519	29298688	4499	4499	0	4499	1	1	0	1	1943	7704	5761	1948	1	7704	7703	11	776	2736	1960	776	1166	4967	3801	1168	0	0	0	0	0	15700	10	23405	7124	8577	4967	2736	0	1	15699	7123	4869	3707	0	12324	27051	14727	12331
98	161	117431127	1147379	275410944	130793472	80711448	61311519	29519872	4545	4545	0	4545	1	1	0	1	1963	7783	5820	1968	1	7783	7782	11	784	2764	1980	784	1178	5018	3840	1180	0	0	0	0	0	15861	10	23645	7197	8665	5018	2764	0	1	15860	7196	4919	3745	0	12450	27328	14878	12457
99	161	121478601	3737325	275550208	130793472	80830792	61319711	29741056	4591	4591	0	4591	1	1	0	1	1983	7862	5879	1988	1	7862	7861	11	792	2792	2000	792	1190	5069	3879	1192	0	0	0	0	0	16022	10	23885	7270	8753	5069	2792	0	1	16021	7269	4969	3783	0	12576	27605	15029	12583
100	161	146912352	7661647	275857408	131055616	80988544	61311519	29982720	4637	4637	0	4637	1	1	0	1	2003	7941	5938	2008	1	7941	7940	11	800	2820	2020	800	1202	5120	3918	1204	0	0	0	0	0	16183	10	24125	7343	8841	5120	2820	0	1	16182	7342	5019	3821	0	12702	27882	15180	12709
101	161	123992439	8542471	275984384	131317760	81090976	61311519	30191616	4683	4683	0	4683	1	1	0	1	2023	8020	5997	2028	1	8020	8019	11	808	2848	2040	808	1214	5171	3957	1216	0	0	0	0	0	16344	10	24365	7416	8929	5171	2848	0	1	16343	7415	5069	3859	0	12828	28159	15331	12835
