block	steps	btime	ctime	rss	heapTotal	heapUsed	external	disk	kernelObjects	kernelObjectsUp	kernelObjectsDown	kernelObjectsMax	kernelDevices	kernelDevicesUp	kernelDevicesDown	kernelDevicesMax	kernelPromises	kernelPromisesUp	kernelPromisesDown	kernelPromisesMax	kpUnresolved	kpUnresolvedUp	kpUnresolvedDown	kpUnresolvedMax	kpFulfilledToPresence	kpFulfilledToPresenceUp	kpFulfilledToPresenceDown	kpFulfilledToPresenceMax	kpFulfilledToData	kpFulfilledToDataUp	kpFulfilledToDataDown	kpFulfilledToDataMax	kpRejected	kpRejectedUp	kpRejectedDown	kpRejectedMax	runQueueLength	runQueueLengthUp	runQueueLengthMax	syscalls	syscallSend	syscallSubscribe	syscallFulfillToData	syscallFulfillToPresence	syscallReject	syscallCallNow	dispatches	dispatchDeliver	dispatchNotifyFulfillToData	dispatchNotifyFulfillToPresence	dispatchReject	clistEntries	clistEntriesUp	clistEntriesDown	clistEntriesMax
1	250	2059834765	5688710	358359040	222158848	192166216	61312647	10375168	84	84	0	84	1	1	0	1	34	135	101	34	10	135	125	11	8	50	42	10	16	74	58	16	0	1	1	1	12	262	12	401	133	140	74	50	1	3	245	122	64	57	1	254	484	230	255
2	44	36933391	584221	360083456	223207424	188710848	61312687	10534912	88	88	0	88	1	1	0	1	27	147	120	34	0	147	147	11	12	56	44	12	15	89	74	17	0	2	2	1	0	294	12	447	143	153	89	56	2	4	289	138	82	65	2	251	527	276	259
3	243	1380343461	1726035	359837696	218677248	106605120	61296303	11714560	146	146	0	146	1	1	0	1	54	270	216	61	0	270	270	11	24	96	72	24	30	170	140	32	0	4	4	1	0	537	12	819	260	281	170	96	4	8	528	251	156	113	4	427	930	503	435
4	243	1278082632	3448124	370008064	227745792	194460808	61296303	12898304	204	204	0	204	1	1	0	1	80	393	313	87	0	393	393	11	36	136	100	36	44	251	207	46	0	6	6	1	0	780	12	1191	377	409	251	136	6	12	767	364	230	161	6	603	1333	730	611
5	243	1309008169	1836408	469618688	325124096	289700736	61296303	14667776	262	262	0	262	1	1	0	1	106	516	410	113	0	516	516	11	48	176	128	48	58	332	274	60	0	8	8	1	0	1023	12	1563	494	537	332	176	8	16	1006	477	304	209	8	779	1736	957	787
6	243	1324293177	3745996	442523648	296001536	160520480	61304495	16461824	320	320	0	320	1	1	0	1	132	639	507	139	0	639	639	11	60	216	156	60	72	413	341	74	0	10	10	1	0	1266	12	1935	611	665	413	216	10	20	1245	590	378	257	10	955	2139	1184	963
7	243	1217591945	2144474	451563520	304631808	257959648	61304495	17641472	378	378	0	378	1	1	0	1	158	762	604	165	0	762	762	11	72	256	184	72	86	494	408	88	0	12	12	1	0	1509	12	2307	728	793	494	256	12	24	1484	703	452	305	12	1131	2542	1411	1139
8	243	1247523281	1688525	529039360	382431232	347110520	61304495	18821120	436	436	0	436	1	1	0	1	184	885	701	191	0	885	885	11	84	296	212	84	100	575	475	102	0	14	14	1	0	1752	12	2679	845	921	575	296	14	28	1723	816	526	353	14	1307	2945	1638	1315
9	243	1324977890	3403399	474259456	325140480	144706080	61296303	20590592	494	494	0	494	1	1	0	1	210	1008	798	217	0	1008	1008	11	96	336	240	96	114	656	542	116	0	16	16	1	0	1995	12	3051	962	1049	656	336	16	32	1962	929	600	401	16	1483	3348	1865	1491
10	243	1208432863	4530581	485244928	335220736	248140440	61296303	21770240	552	552	0	552	1	1	0	1	236	1131	895	243	0	1131	1131	11	108	376	268	108	128	737	609	130	0	18	18	1	0	2238	12	3423	1079	1177	737	376	18	36	2201	1042	674	449	18	1659	3751	2092	1667
11	243	1210244902	3456800	513425408	363741184	331413744	61296303	23539712	610	610	0	610	1	1	0	1	262	1254	992	269	0	1254	1254	11	120	416	296	120	142	818	676	144	0	20	20	1	0	2481	12	3795	1196	1305	818	416	20	40	2440	1155	748	497	20	1835	4154	2319	1843
12	243	1318743665	3860690	515436544	364986368	159258424	61296303	24719360	668	668	0	668	1	1	0	1	288	1377	1089	295	0	1377	1377	11	132	456	324	132	156	899	743	158	0	22	22	1	0	2724	12	4167	1313	1433	899	456	22	44	2679	1268	822	545	22	2011	4557	2546	2019
13	243	1283265136	5409168	526602240	375975936	259247552	61304495	26525696	726	726	0	726	1	1	0	1	314	1500	1186	321	0	1500	1500	11	144	496	352	144	170	980	810	172	0	24	24	1	0	2967	12	4539	1430	1561	980	496	24	48	2918	1381	896	593	24	2187	4960	2773	2195
14	243	1203443983	7174687	536834048	385564672	345746704	61304495	27705344	784	784	0	784	1	1	0	1	340	1623	1283	347	0	1623	1623	11	156	536	380	156	184	1061	877	186	0	26	26	1	0	3210	12	4911	1547	1689	1061	536	26	52	3157	1494	970	641	26	2363	5363	3000	2371
15	243	1313777591	7746500	512237568	360140800	118304272	61304495	28884992	842	842	0	842	1	1	0	1	366	1746	1380	373	0	1746	1746	11	168	576	408	168	198	1142	944	200	0	28	28	1	0	3453	12	5283	1664	1817	1142	576	28	56	3396	1607	1044	689	28	2539	5766	3227	2547
16	243	1271453245	8981752	521003008	368443392	202905328	61296303	30654464	900	900	0	900	1	1	0	1	392	1869	1477	399	0	1869	1869	11	180	616	436	180	212	1223	1011	214	0	30	30	1	0	3696	12	5655	1781	1945	1223	616	30	60	3635	1720	1118	737	30	2715	6169	3454	2723
17	243	1212370733	3929899	530620416	377856000	303797360	61296303	31834112	958	958	0	958	1	1	0	1	418	1992	1574	425	0	1992	1992	11	192	656	464	192	226	1304	1078	228	0	32	32	1	0	3939	12	6027	1898	2073	1304	656	32	64	3874	1833	1192	785	32	2891	6572	3681	2899
18	243	1280858029	7685616	572612608	419684352	386518184	61296303	33603584	1016	1016	0	1016	1	1	0	1	444	2115	1671	451	0	2115	2115	11	204	696	492	204	240	1385	1145	242	0	34	34	1	0	4182	12	6399	2015	2201	1385	696	34	68	4113	1946	1266	833	34	3067	6975	3908	3075
19	243	1391184556	7585723	563814400	408944640	163766304	61296303	34783232	1074	1074	0	1074	1	1	0	1	470	2238	1768	477	0	2238	2238	11	216	736	520	216	254	1466	1212	256	0	36	36	1	0	4425	12	6771	2132	2329	1466	736	36	72	4352	2059	1340	881	36	3243	7378	4135	3251
20	243	1227421297	10355947	573906944	418824192	263887064	61304495	36605952	1132	1132	0	1132	1	1	0	1	496	2361	1865	503	0	2361	2361	11	228	776	548	228	268	1547	1279	270	0	38	38	1	0	4668	12	7143	2249	2457	1547	776	38	76	4591	2172	1414	929	38	3419	7781	4362	3427
21	243	1212984866	5605895	583692288	428580864	348802432	61304495	37785600	1190	1190	0	1190	1	1	0	1	522	2484	1962	529	0	2484	2484	11	240	816	576	240	282	1628	1346	284	0	40	40	1	0	4911	12	7515	2366	2585	1628	816	40	80	4830	2285	1488	977	40	3595	8184	4589	3603
22	243	1287565600	4825199	631795712	476299264	443267632	61304495	38965248	1248	1248	0	1248	1	1	0	1	548	2607	2059	555	0	2607	2607	11	252	856	604	252	296	1709	1413	298	0	42	42	1	0	5154	12	7887	2483	2713	1709	856	42	84	5069	2398	1562	1025	42	3771	8587	4816	3779
23	243	1293776476	6155190	613945344	457637888	208289272	61296303	40734720	1306	1306	0	1306	1	1	0	1	574	2730	2156	581	0	2730	2730	11	264	896	632	264	310	1790	1480	312	0	44	44	1	0	5397	12	8259	2600	2841	1790	896	44	88	5308	2511	1636	1073	44	3947	8990	5043	3955
24	243	1212181063	3983527	623095808	466436096	292136480	61296303	41914368	1364	1364	0	1364	1	1	0	1	600	2853	2253	607	0	2853	2853	11	276	936	660	276	324	1871	1547	326	0	46	46	1	0	5640	12	8631	2717	2969	1871	936	46	92	5547	2624	1710	1121	46	4123	9393	5270	4131
25	243	1274211274	11061814	632860672	476057600	392697672	61296303	43683840	1422	1422	0	1422	1	1	0	1	626	2976	2350	633	0	2976	2976	11	288	976	688	288	338	1952	1614	340	0	48	48	1	0	5883	12	9003	2834	3097	1952	976	48	96	5786	2737	1784	1169	48	4299	9796	5497	4307
26	243	1242453785	5126386	670007296	513339392	477687208	61304495	44863488	1480	1480	0	1480	1	1	0	1	652	3099	2447	659	0	3099	3099	11	300	1016	716	300	352	2033	1681	354	0	50	50	1	0	6126	12	9375	2951	3225	2033	1016	50	100	6025	2850	1858	1217	50	4475	10199	5724	4483
27	243	1414641928	8452360	662388736	502558720	192091552	61296303	46632960	1538	1538	0	1538	1	1	0	1	678	3222	2544	685	0	3222	3222	11	312	1056	744	312	366	2114	1748	368	0	52	52	1	0	6369	12	9747	3068	3353	2114	1056	52	104	6264	2963	1932	1265	52	4651	10602	5951	4659
28	243	1218846122	9052903	671846400	511791104	291750304	61296303	47812608	1596	1596	0	1596	1	1	0	1	704	3345	2641	711	0	3345	3345	11	324	1096	772	324	380	2195	1815	382	0	54	54	1	0	6612	12	10119	3185	3481	2195	1096	54	108	6503	3076	2006	1313	54	4827	11005	6178	4835
29	243	1262145408	4684937	682090496	521814016	377146904	61296303	48992256	1654	1654	0	1654	1	1	0	1	730	3468	2738	737	0	3468	3468	11	336	1136	800	336	394	2276	1882	396	0	56	56	1	0	6855	12	10491	3302	3609	2276	1136	56	112	6742	3189	2080	1361	56	5003	11408	6405	5011
30	243	1226003249	7089940	691253248	530739200	472668176	61296303	50761728	1712	1712	0	1712	1	1	0	1	756	3591	2835	763	0	3591	3591	11	348	1176	828	348	408	2357	1949	410	0	58	58	1	0	7098	12	10863	3419	3737	2357	1176	58	116	6981	3302	2154	1409	58	5179	11811	6632	5187
31	243	1280893411	6420270	763019264	603013120	573958032	61296303	51941376	1770	1770	0	1770	1	1	0	1	782	3714	2932	789	0	3714	3714	11	360	1216	856	360	422	2438	2016	424	0	60	60	1	0	7341	12	11235	3536	3865	2438	1216	60	120	7220	3415	2228	1457	60	5355	12214	6859	5363
32	243	1347360964	6775672	659443712	494465024	202267920	61296303	53710848	1828	1828	0	1828	1	1	0	1	808	3837	3029	815	0	3837	3837	11	372	1256	884	372	436	2519	2083	438	0	62	62	1	0	7584	12	11607	3653	3993	2519	1256	62	124	7459	3528	2302	1505	62	5531	12617	7086	5539
33	243	1237853208	5359748	668028928	503001088	285219472	61304495	54890496	1886	1886	0	1886	1	1	0	1	834	3960	3126	841	0	3960	3960	11	384	1296	912	384	450	2600	2150	452	0	64	64	1	0	7827	12	11979	3770	4121	2600	1296	64	128	7698	3641	2376	1553	64	5707	13020	7313	5715
34	243	1202824370	7157331	678776832	513662976	384662632	61304495	56688640	1944	1944	0	1944	1	1	0	1	860	4083	3223	867	0	4083	4083	11	396	1336	940	396	464	2681	2217	466	0	66	66	1	0	8070	12	12351	3887	4249	2681	1336	66	132	7937	3754	2450	1601	66	5883	13423	7540	5891
35	243	1236829023	8240010	688447488	522633216	470428216	61304495	57868288	2002	2002	0	2002	1	1	0	1	886	4206	3320	893	0	4206	4206	11	408	1376	968	408	478	2762	2284	480	0	68	68	1	0	8313	12	12723	4004	4377	2762	1376	68	136	8176	3867	2524	1649	68	6059	13826	7767	6067
36	243	1350188630	4450628	669421568	501444608	183242152	61296303	59047936	2060	2060	0	2060	1	1	0	1	912	4329	3417	919	0	4329	4329	11	420	1416	996	420	492	2843	2351	494	0	70	70	1	0	8556	12	13095	4121	4505	2843	1416	70	140	8415	3980	2598	1697	70	6235	14229	7994	6243
37	243	1200232731	6624260	679444480	511291392	282384824	61296303	60817408	2118	2118	0	2118	1	1	0	1	938	4452	3514	945	0	4452	4452	11	432	1456	1024	432	506	2924	2418	508	0	72	72	1	0	8799	12	13467	4238	4633	2924	1456	72	144	8654	4093	2672	1745	72	6411	14632	8221	6419
38	243	1199810647	4682469	688164864	519827456	366445672	61296303	61997056	2176	2176	0	2176	1	1	0	1	964	4575	3611	971	0	4575	4575	11	444	1496	1052	444	520	3005	2485	522	0	74	74	1	0	9042	12	13839	4355	4761	3005	1496	74	148	8893	4206	2746	1793	74	6587	15035	8448	6595
39	243	1196920132	8764559	697606144	529014784	462608200	61296303	63766528	2234	2234	0	2234	1	1	0	1	990	4698	3708	997	0	4698	4698	11	456	1536	1080	456	534	3086	2552	536	0	76	76	1	0	9285	12	14211	4472	4889	3086	1536	76	152	9132	4319	2820	1841	76	6763	15438	8675	6771
40	243	1414624696	8972918	674074624	503980032	149025920	61296303	64946176	2292	2292	0	2292	1	1	0	1	1016	4821	3805	1023	0	4821	4821	11	468	1576	1108	468	548	3167	2619	550	0	78	78	1	0	9528	12	14583	4589	5017	3167	1576	78	156	9371	4432	2894	1889	78	6939	15841	8902	6947
41	243	1220365705	12985603	683376640	513077248	248957432	61296303	66715648	2350	2350	0	2350	1	1	0	1	1042	4944	3902	1049	0	4944	4944	11	480	1616	1136	480	562	3248	2686	564	0	80	80	1	0	9771	12	14955	4706	5145	3248	1616	80	160	9610	4545	2968	1937	80	7115	16244	9129	7123
42	243	1318213299	4711899	692994048	522309632	332617536	61296303	67895296	2408	2408	0	2408	1	1	0	1	1068	5067	3999	1075	0	5067	5067	11	492	1656	1164	492	576	3329	2753	578	0	82	82	1	0	10014	12	15327	4823	5273	3329	1656	82	164	9849	4658	3042	1985	82	7291	16647	9356	7299
43	243	1196864182	6460845	702537728	531496960	427994320	61296303	69074944	2466	2466	0	2466	1	1	0	1	1094	5190	4096	1101	0	5190	5190	11	504	1696	1192	504	590	3410	2820	592	0	84	84	1	0	10257	12	15699	4940	5401	3410	1696	84	168	10088	4771	3116	2033	84	7467	17050	9583	7475
44	243	1237629492	9065678	728236032	556863488	528835672	61296303	70844416	2524	2524	0	2524	1	1	0	1	1120	5313	4193	1127	0	5313	5313	11	516	1736	1220	516	604	3491	2887	606	0	86	86	1	0	10500	12	16071	5057	5529	3491	1736	86	172	10327	4884	3190	2081	86	7643	17453	9810	7651
45	243	1287978374	8093723	687788032	515825664	233617328	61296303	72024064	2582	2582	0	2582	1	1	0	1	1146	5436	4290	1153	0	5436	5436	11	528	1776	1248	528	618	3572	2954	620	0	88	88	1	0	10743	12	16443	5174	5657	3572	1776	88	176	10566	4997	3264	2129	88	7819	17856	10037	7827
46	243	1221361253	12953636	701456384	529121280	335699904	61304495	73793536	2640	2640	0	2640	1	1	0	1	1172	5559	4387	1179	0	5559	5559	11	540	1816	1276	540	632	3653	3021	634	0	90	90	1	0	10986	12	16815	5291	5785	3653	1816	90	180	10805	5110	3338	2177	90	7995	18259	10264	8003
47	243	1210601957	9146566	710791168	538353664	420338112	61304495	74973184	2698	2698	0	2698	1	1	0	1	1198	5682	4484	1205	0	5682	5682	11	552	1856	1304	552	646	3734	3088	648	0	92	92	1	0	11229	12	17187	5408	5913	3734	1856	92	184	11044	5223	3412	2225	92	8171	18662	10491	8179
48	243	1187268408	12513556	720990208	548327424	515195192	61304495	76742656	2756	2756	0	2756	1	1	0	1	1224	5805	4581	1231	0	5805	5805	11	564	1896	1332	564	660	3815	3155	662	0	94	94	1	0	11472	12	17559	5525	6041	3815	1896	94	188	11283	5336	3486	2273	94	8347	19065	10718	8355
49	243	1337985675	5438056	714657792	540139520	209392328	61296303	77922304	2814	2814	0	2814	1	1	0	1	1250	5928	4678	1257	0	5928	5928	11	576	1936	1360	576	674	3896	3222	676	0	96	96	1	0	11715	12	17931	5642	6169	3896	1936	96	192	11522	5449	3560	2321	96	8523	19468	10945	8531
50	243	1228417445	13072137	722980864	548241408	291435856	61296303	79708160	2872	2872	0	2872	1	1	0	1	1276	6051	4775	1283	0	6051	6051	11	588	1976	1388	588	688	3977	3289	690	0	98	98	1	0	11958	12	18303	5759	6297	3977	1976	98	196	11761	5562	3634	2369	98	8699	19871	11172	8707
51	243	1219328089	9257855	733577216	558583808	390804952	61296303	80887808	2930	2930	0	2930	1	1	0	1	1302	6174	4872	1309	0	6174	6174	11	600	2016	1416	600	702	4058	3356	704	0	100	100	1	0	12201	12	18675	5876	6425	4058	2016	100	200	12000	5675	3708	2417	100	8875	20274	11399	8883
52	243	1254743803	5518972	742662144	567414784	487250000	61296303	82067456	2988	2988	0	2988	1	1	0	1	1328	6297	4969	1335	0	6297	6297	11	612	2056	1444	612	716	4139	3423	718	0	102	102	1	0	12444	12	19047	5993	6553	4139	2056	102	204	12239	5788	3782	2465	102	9051	20677	11626	9059
53	243	1297113539	8056815	778711040	603738112	569492536	61304495	83836928	3046	3046	0	3046	1	1	0	1	1354	6420	5066	1361	0	6420	6420	11	624	2096	1472	624	730	4220	3490	732	0	104	104	1	0	12687	12	19419	6110	6681	4220	2096	104	208	12478	5901	3856	2513	104	9227	21080	11853	9235
54	243	1507997254	4662437	765370368	586686464	210272024	61296303	85016576	3104	3104	0	3104	1	1	0	1	1380	6543	5163	1387	0	6543	6543	11	636	2136	1500	636	744	4301	3557	746	0	106	106	1	0	12930	12	19791	6227	6809	4301	2136	106	212	12717	6014	3930	2561	106	9403	21483	12080	9411
55	243	1226437304	8333681	775704576	596828160	309435616	61296303	86786048	3162	3162	0	3162	1	1	0	1	1406	6666	5260	1413	0	6666	6666	11	648	2176	1528	648	758	4382	3624	760	0	108	108	1	0	13173	12	20163	6344	6937	4382	2176	108	216	12956	6127	4004	2609	108	9579	21886	12307	9587
56	243	1293945460	4480830	785244160	606060544	394268680	61296303	87965696	3220	3220	0	3220	1	1	0	1	1432	6789	5357	1439	0	6789	6789	11	660	2216	1556	660	772	4463	3691	774	0	110	110	1	0	13416	12	20535	6461	7065	4463	2216	110	220	13195	6240	4078	2657	110	9755	22289	12534	9763
57	243	1250148454	4516416	794058752	614658048	489870360	61296303	89161728	3278	3278	0	3278	1	1	0	1	1458	6912	5454	1465	0	6912	6912	11	672	2256	1584	672	786	4544	3758	788	0	112	112	1	0	13659	12	20907	6578	7193	4544	2256	112	224	13434	6353	4152	2705	112	9931	22692	12761	9939
58	243	1218305844	10461647	804839424	625090560	588582824	61296303	90914816	3336	3336	0	3336	1	1	0	1	1484	7035	5551	1491	0	7035	7035	11	684	2296	1612	684	800	4625	3825	802	0	114	114	1	0	13902	12	21279	6695	7321	4625	2296	114	228	13673	6466	4226	2753	114	10107	23095	12988	10115
59	243	1416008243	4572442	763727872	584351744	163493312	61296303	92094464	3394	3394	0	3394	1	1	0	1	1510	7158	5648	1517	0	7158	7158	11	696	2336	1640	696	814	4706	3892	816	0	116	116	1	0	14145	12	21651	6812	7449	4706	2336	116	232	13912	6579	4300	2801	116	10283	23498	13215	10291
60	243	1248381096	11141544	773083136	593321984	247183936	61296303	93863936	3452	3452	0	3452	1	1	0	1	1536	7281	5745	1543	0	7281	7281	11	708	2376	1668	708	828	4787	3959	830	0	118	118	1	0	14388	12	22023	6929	7577	4787	2376	118	236	14151	6692	4374	2849	118	10459	23901	13442	10467
61	243	1298693015	9173387	781643776	601690112	341580600	61296303	95043584	3510	3510	0	3510	1	1	0	1	1562	7404	5842	1569	0	7404	7404	11	720	2416	1696	720	842	4868	4026	844	0	120	120	1	0	14631	12	22395	7046	7705	4868	2416	120	240	14390	6805	4448	2897	120	10635	24304	13669	10643
62	243	1334152978	8417311	792162304	611831808	440781112	61296303	96813056	3568	3568	0	3568	1	1	0	1	1588	7527	5939	1595	0	7527	7527	11	732	2456	1724	732	856	4949	4093	858	0	122	122	1	0	14874	12	22767	7163	7833	4949	2456	122	244	14629	6918	4522	2945	122	10811	24707	13896	10819
63	243	1404208180	5095791	801366016	620802048	525692576	61296303	97992704	3626	3626	0	3626	1	1	0	1	1614	7650	6036	1621	0	7650	7650	11	744	2496	1752	744	870	5030	4160	872	0	124	124	1	0	15117	12	23139	7280	7961	5030	2496	124	248	14868	7031	4596	2993	124	10987	25110	14123	10995
64	243	1565197642	4637912	737099776	556011520	222464512	61296303	99196928	3684	3684	0	3684	1	1	0	1	1640	7773	6133	1647	0	7773	7773	11	756	2536	1780	756	884	5111	4227	886	0	126	126	1	0	15360	12	23511	7397	8089	5111	2536	126	252	15107	7144	4670	3041	126	11163	25513	14350	11171
65	243	1437300922	8779590	746565632	565506048	306256520	61296303	100941824	3742	3742	0	3742	1	1	0	1	1666	7896	6230	1673	0	7896	7896	11	768	2576	1808	768	898	5192	4294	900	0	128	128	1	0	15603	12	23883	7514	8217	5192	2576	128	256	15346	7257	4744	3089	128	11339	25916	14577	11347
66	243	1249470396	4842477	755306496	574164992	400728912	61304495	102121472	3800	3800	0	3800	1	1	0	1	1692	8019	6327	1699	0	8019	8019	11	780	2616	1836	780	912	5273	4361	914	0	130	130	1	0	15846	12	24255	7631	8345	5273	2616	130	260	15585	7370	4818	3137	130	11515	26319	14804	11523
67	243	1390590987	10159804	765575168	584249344	500053960	61304495	103890944	3858	3858	0	3858	1	1	0	1	1718	8142	6424	1725	0	8142	8142	11	792	2656	1864	792	926	5354	4428	928	0	132	132	1	0	16089	12	24627	7748	8473	5354	2656	132	264	15824	7483	4892	3185	132	11691	26722	15031	11699
68	243	1404343761	9491076	803090432	621649920	597267848	61304495	105070592	3916	3916	0	3916	1	1	0	1	1744	8265	6521	1751	0	8265	8265	11	804	2696	1892	804	940	5435	4495	942	0	134	134	1	0	16332	12	24999	7865	8601	5435	2696	134	268	16063	7596	4966	3233	134	11867	27125	15258	11875
69	243	1560982440	8356953	774803456	592097280	223696016	61296303	106840064	3974	3974	0	3974	1	1	0	1	1770	8388	6618	1777	0	8388	8388	11	816	2736	1920	816	954	5516	4562	956	0	136	136	1	0	16575	12	25371	7982	8729	5516	2736	136	272	16302	7709	5040	3281	136	12043	27528	15485	12051
70	243	1202799973	10312240	783126528	600231936	318562208	61296303	108019712	4032	4032	0	4032	1	1	0	1	1796	8511	6715	1803	0	8511	8511	11	828	2776	1948	828	968	5597	4629	970	0	138	138	1	0	16818	12	25743	8099	8857	5597	2776	138	276	16541	7822	5114	3329	138	12219	27931	15712	12227
71	243	1553011779	9597338	793645056	610635776	417667784	61296303	109789184	4090	4090	0	4090	1	1	0	1	1822	8634	6812	1829	0	8634	8634	11	840	2816	1976	840	982	5678	4696	984	0	140	140	1	0	17061	12	26115	8216	8985	5678	2816	140	280	16780	7935	5188	3377	140	12395	28334	15939	12403
72	243	1568488707	6235343	803336192	620130304	502606384	61304495	110968832	4148	4148	0	4148	1	1	0	1	1848	8757	6909	1855	0	8757	8757	11	852	2856	2004	852	996	5759	4763	998	0	142	142	1	0	17304	12	26487	8333	9113	5759	2856	142	284	17019	8048	5262	3425	142	12571	28737	16166	12579
73	243	1570550183	4244169	814190592	630857728	597725616	61304495	112148480	4206	4206	0	4206	1	1	0	1	1874	8880	7006	1881	0	8880	8880	11	864	2896	2032	864	1010	5840	4830	1012	0	144	144	1	0	17547	12	26859	8450	9241	5840	2896	144	288	17258	8161	5336	3473	144	12747	29140	16393	12755
74	243	1666245572	10869954	780460032	596672512	188570400	61296303	113917952	4264	4264	0	4264	1	1	0	1	1900	9003	7103	1907	0	9003	9003	11	876	2936	2060	876	1024	5921	4897	1026	0	146	146	1	0	17790	12	27231	8567	9369	5921	2936	146	292	17497	8274	5410	3521	146	12923	29543	16620	12931
75	243	1232205487	4309878	790499328	606519296	290087120	61296303	115097600	4322	4322	0	4322	1	1	0	1	1926	9126	7200	1933	0	9126	9126	11	888	2976	2088	888	1038	6002	4964	1040	0	148	148	1	0	18033	12	27603	8684	9497	6002	2976	148	296	17736	8387	5484	3569	148	13099	29946	16847	13107
76	243	1251723906	12954600	799244288	615055360	372955424	61296303	116867072	4380	4380	0	4380	1	1	0	1	1952	9249	7297	1959	0	9249	9249	11	900	3016	2116	900	1052	6083	5031	1054	0	150	150	1	0	18276	12	27975	8801	9625	6083	3016	150	300	17975	8500	5558	3617	150	13275	30349	17074	13283
77	243	1222688871	10693187	809496576	625106944	468699704	61296303	118046720	4438	4438	0	4438	1	1	0	1	1978	9372	7394	1985	0	9372	9372	11	912	3056	2144	912	1066	6164	5098	1068	0	152	152	1	0	18519	12	28347	8918	9753	6164	3056	152	304	18214	8613	5632	3665	152	13451	30752	17301	13459
78	243	1382003116	16260699	750546944	563748864	160487928	61296303	119816192	4496	4496	0	4496	1	1	0	1	2004	9495	7491	2011	0	9495	9495	11	924	3096	2172	924	1080	6245	5165	1082	0	154	154	1	0	18762	12	28719	9035	9881	6245	3096	154	308	18453	8726	5706	3713	154	13627	31155	17528	13635
79	243	1275588100	5450368	760233984	573247488	246153384	61304495	120995840	4554	4554	0	4554	1	1	0	1	2030	9618	7588	2037	0	9618	9618	11	936	3136	2200	936	1094	6326	5232	1096	0	156	156	1	0	19005	12	29091	9152	10009	6326	3136	156	312	18692	8839	5780	3761	156	13803	31558	17755	13811
80	243	1281409794	9749607	768782336	581582848	341845232	61304495	122769408	4612	4612	0	4612	1	1	0	1	2056	9741	7685	2063	0	9741	9741	11	948	3176	2228	948	1108	6407	5299	1110	0	158	158	1	0	19248	12	29463	9269	10137	6407	3176	158	316	18931	8952	5854	3809	158	13979	31961	17982	13987
81	243	1300168572	10699286	779210752	591912960	440513616	61304495	123949056	4670	4670	0	4670	1	1	0	1	2082	9864	7782	2089	0	9864	9864	11	960	3216	2256	960	1122	6488	5366	1124	0	160	160	1	0	19491	12	29835	9386	10265	6488	3216	160	320	19170	9065	5928	3857	160	14155	32364	18209	14163
82	243	1330429562	5636619	790687744	603246592	527957184	61304495	125128704	4728	4728	0	4728	1	1	0	1	2108	9987	7879	2115	0	9987	9987	11	972	3256	2284	972	1136	6569	5433	1138	0	162	162	1	0	19734	12	30207	9503	10393	6569	3256	162	324	19409	9178	6002	3905	162	14331	32767	18436	14339
83	243	1491617900	11764676	778899456	591241216	160736288	61296303	126898176	4786	4786	0	4786	1	1	0	1	2134	10110	7976	2141	0	10110	10110	11	984	3296	2312	984	1150	6650	5500	1152	0	164	164	1	0	19977	12	30579	9620	10521	6650	3296	164	328	19648	9291	6076	3953	164	14507	33170	18663	14515
84	243	1292343005	7631235	788733952	600887296	262525656	61296303	128077824	4844	4844	0	4844	1	1	0	1	2160	10233	8073	2167	0	10233	10233	11	996	3336	2340	996	1164	6731	5567	1166	0	166	166	1	0	20220	12	30951	9737	10649	6731	3336	166	332	19887	9404	6150	4001	166	14683	33573	18890	14691
85	243	1311083765	18561164	801320960	613281792	350840544	61304495	129847296	4902	4902	0	4902	1	1	0	1	2186	10356	8170	2193	0	10356	10356	11	1008	3376	2368	1008	1178	6812	5634	1180	0	168	168	1	0	20463	12	31323	9854	10777	6812	3376	168	336	20126	9517	6224	4049	168	14859	33976	19117	14867
86	243	1260491046	10131140	810340352	622178304	445849000	61304495	131026944	4960	4960	0	4960	1	1	0	1	2212	10479	8267	2219	0	10479	10479	11	1020	3416	2396	1020	1192	6893	5701	1194	0	170	170	1	0	20706	12	31695	9971	10905	6893	3416	170	340	20365	9630	6298	4097	170	15035	34379	19344	15043
87	243	1285254190	5658776	823025664	634687488	547316736	61304495	132231168	5018	5018	0	5018	1	1	0	1	2238	10602	8364	2245	0	10602	10602	11	1032	3456	2424	1032	1206	6974	5768	1208	0	172	172	1	0	20949	12	32067	10088	11033	6974	3456	172	344	20604	9743	6372	4145	172	15211	34782	19571	15219
88	243	1574005808	12890173	856715264	668299264	632026128	61304495	133976064	5076	5076	0	5076	1	1	0	1	2264	10725	8461	2271	0	10725	10725	11	1044	3496	2452	1044	1220	7055	5835	1222	0	174	174	1	0	21192	12	32439	10205	11161	7055	3496	174	348	20843	9856	6446	4193	174	15387	35185	19798	15395
89	243	1559975896	5149318	824299520	635109376	254318248	61296303	135155712	5134	5134	0	5134	1	1	0	1	2290	10848	8558	2297	0	10848	10848	11	1056	3536	2480	1056	1234	7136	5902	1236	0	176	176	1	0	21435	12	32811	10322	11289	7136	3536	176	352	21082	9969	6520	4241	176	15563	35588	20025	15571
90	243	1494632754	9054407	832884736	643645440	338899000	61296303	136925184	5192	5192	0	5192	1	1	0	1	2316	10971	8655	2323	0	10971	10971	11	1068	3576	2508	1068	1248	7217	5969	1250	0	178	178	1	0	21678	12	33183	10439	11417	7217	3576	178	356	21321	10082	6594	4289	178	15739	35991	20252	15747
91	243	1443379711	4906313	843759616	654315520	435265056	61296303	138104832	5250	5250	0	5250	1	1	0	1	2342	11094	8752	2349	0	11094	11094	11	1080	3616	2536	1080	1262	7298	6036	1264	0	180	180	1	0	21921	12	33555	10556	11545	7298	3616	180	360	21560	10195	6668	4337	180	15915	36394	20479	15923
92	243	1417000188	9430185	854208512	664510464	533641272	61304495	139874304	5308	5308	0	5308	1	1	0	1	2368	11217	8849	2375	0	11217	11217	11	1092	3656	2564	1092	1276	7379	6103	1278	0	182	182	1	0	22164	12	33927	10673	11673	7379	3656	182	364	21799	10308	6742	4385	182	16091	36797	20706	16099
93	243	1414670944	4983657	866050048	676106240	621115744	61304495	141053952	5366	5366	0	5366	1	1	0	1	2394	11340	8946	2401	0	11340	11340	11	1104	3696	2592	1104	1290	7460	6170	1292	0	184	184	1	0	22407	12	34299	10790	11801	7460	3696	184	368	22038	10421	6816	4433	184	16267	37200	20933	16275
94	243	1349728988	10117556	940978176	751325184	717182912	61304495	142823424	5424	5424	0	5424	1	1	0	1	2420	11463	9043	2427	0	11463	11463	11	1116	3736	2620	1116	1304	7541	6237	1306	0	186	186	1	0	22650	12	34671	10907	11929	7541	3736	186	372	22277	10534	6890	4481	186	16443	37603	21160	16451
95	243	1551573953	5143842	841404416	650665984	227604096	61296303	144003072	5482	5482	0	5482	1	1	0	1	2446	11586	9140	2453	0	11586	11586	11	1128	3776	2648	1128	1318	7622	6304	1320	0	188	188	1	0	22893	12	35043	11024	12057	7622	3776	188	376	22516	10647	6964	4529	188	16619	38006	21387	16627
96	243	1277728390	4831615	850849792	659898368	311160888	61296303	145182720	5540	5540	0	5540	1	1	0	1	2472	11709	9237	2479	0	11709	11709	11	1140	3816	2676	1140	1332	7703	6371	1334	0	190	190	1	0	23136	12	35415	11141	12185	7703	3816	190	380	22755	10760	7038	4577	190	16795	38409	21614	16803
97	243	1276175294	9660675	861499392	670367744	407962848	61296303	146952192	5598	5598	0	5598	1	1	0	1	2498	11832	9334	2505	0	11832	11832	11	1152	3856	2704	1152	1346	7784	6438	1348	0	192	192	1	0	23379	12	35787	11258	12313	7784	3856	192	384	22994	10873	7112	4625	192	16971	38812	21841	16979
98	243	1417724647	4570690	871567360	680189952	507982856	61304495	148131840	5656	5656	0	5656	1	1	0	1	2524	11955	9431	2531	0	11955	11955	11	1164	3896	2732	1164	1360	7865	6505	1362	0	194	194	1	0	23622	12	36159	11375	12441	7865	3896	194	388	23233	10986	7186	4673	194	17147	39215	22068	17155
99	243	1323397740	11968079	883453952	691785728	594434168	61304495	149901312	5714	5714	0	5714	1	1	0	1	2550	12078	9528	2557	0	12078	12078	11	1176	3936	2760	1176	1374	7946	6572	1376	0	196	196	1	0	23865	12	36531	11492	12569	7946	3936	196	392	23472	11099	7260	4721	196	17323	39618	22295	17331
100	243	1356369410	9456152	812257280	618319872	235693096	61296303	151080960	5772	5772	0	5772	1	1	0	1	2576	12201	9625	2583	0	12201	12201	11	1188	3976	2788	1188	1388	8027	6639	1390	0	198	198	1	0	24108	12	36903	11609	12697	8027	3976	198	396	23711	11212	7334	4769	198	17499	40021	22522	17507
101	243	1206314649	9456003	823308288	629252096	334274800	61296303	152850432	5830	5830	0	5830	1	1	0	1	2602	12324	9722	2609	0	12324	12324	11	1200	4016	2816	1200	1402	8108	6706	1404	0	200	200	1	0	24351	12	37275	11726	12825	8108	4016	200	400	23950	11325	7408	4817	200	17675	40424	22749	17683
102	243	1215209078	10278890	833204224	638930944	417855536	61296303	154030080	5888	5888	0	5888	1	1	0	1	2628	12447	9819	2635	0	12447	12447	11	1212	4056	2844	1212	1416	8189	6773	1418	0	202	202	1	0	24594	12	37647	11843	12953	8189	4056	202	404	24189	11438	7482	4865	202	17851	40827	22976	17859
