block	steps	btime	rss	heapTotal	heapUsed	external	disk
1	200	254621168	170676224	90599424	42080128	29002400	180224
2	200	218609200	170426368	85618688	41712720	28982176	380928
3	200	231670810	166707200	85618688	41713800	28982176	581632
4	200	214626820	166817792	85618688	41739008	28982176	733184
5	200	214390531	166862848	85618688	41756256	28982176	888832
6	200	212385327	167264256	85618688	41779176	28982176	1052672
7	200	208338161	167297024	85618688	41782416	28982176	1212416
8	200	210357644	167411712	85618688	41807264	28982176	1359872
9	200	226782865	167440384	85618688	41846712	28982176	1511424
10	200	220588021	167510016	85618688	41874632	28982176	1654784
11	200	222676739	167538688	85618688	41913040	28982176	1806336
12	200	209756436	167571456	85618688	41976440	28982176	1961984
13	200	216082853	167608320	85618688	41914944	28982176	2117632
14	200	206244549	167989248	85618688	41918784	28982176	2277376
15	200	211025953	168046592	85618688	41918808	28982176	2437120
16	200	207898766	168079360	85618688	41976288	28982176	2592768
17	200	209369378	168103936	85618688	42054272	28982176	2740224
18	200	211383957	168132608	85618688	41977576	28982176	2895872
19	200	202341707	168181760	85618688	42037688	28982176	3039232
20	200	208162018	168251392	85618688	42026944	28982176	3190784
21	200	209054417	168300544	85618688	42081328	28982176	3338240
22	200	222359442	168349696	85618688	42105528	28982176	3502080
23	200	223183113	168423424	85880832	42145768	28982176	3645440
24	200	222299080	168472576	85880832	42175056	28982176	3792896
25	200	208769543	168534016	85880832	42224056	28982176	3944448
26	200	220711306	168566784	85880832	42192536	28982176	4091904
27	200	202760076	168624128	85880832	42212368	28982176	4243456
28	200	216306539	168681472	85880832	42262032	28982176	4395008
29	200	208335201	168722432	85880832	42253680	28982176	4542464
30	200	225027497	168742912	85880832	42243880	28982176	4694016
31	200	209266908	168787968	85880832	42265160	28982176	4841472
32	200	206891172	168816640	85880832	42250352	28982176	4993024
33	200	208145384	168849408	85880832	42267496	28982176	5144576
34	200	205935334	168878080	85880832	42254808	28982176	5300224
35	200	211275249	168914944	85880832	42241144	28982176	5439488
36	200	204394485	168947712	85880832	42244088	28982176	5591040
37	200	223427093	168984576	85880832	42279216	28982176	5746688
38	200	213363490	169021440	85880832	42251824	28982176	5906432
39	200	211729719	169082880	85880832	42277360	28982176	6049792
40	200	225893572	169115648	85880832	42272384	28982176	6193152
41	200	206778580	169132032	85880832	42268432	28982176	6340608
42	200	216567054	169820160	85880832	42268488	28982176	6500352
43	200	216338696	169857024	85880832	42324568	28982176	6651904
44	200	203864871	169889792	85880832	42272712	28982176	6795264
45	200	210025538	169918464	85880832	42268744	28982176	6942720
46	200	210044832	169951232	85880832	42297536	28982176	7090176
47	200	219288875	169988096	85880832	42298176	28982176	7245824
48	200	201676962	170024960	85880832	42279072	28982176	7393280
49	200	214973976	170065920	85880832	42299120	28982176	7528448
50	200	208269672	170086400	85880832	42338496	28982176	7675904
51	200	226309127	170119168	85880832	42299176	28982176	7835648
52	200	216413128	170172416	85880832	42301728	28982176	7999488
53	200	211121115	170205184	85880832	42311568	28982176	8151040
54	200	212346533	170242048	85880832	42297472	28982176	8302592
55	200	221081725	170274816	85880832	42313544	28982176	8450048
56	200	206269553	170610688	85880832	42284904	28982176	8597504
57	200	207217331	170647552	85880832	42301488	28990368	8753152
58	200	211824587	170721280	85880832	42331704	28982176	8908800
59	200	213295906	170758144	85880832	42303120	28982176	9052160
60	200	214261507	170778624	85880832	42309072	28982176	9195520
61	200	207357265	170803200	85880832	42334680	28982176	9355264
62	200	219597463	170840064	85880832	42331608	28982176	9502720
63	200	216494256	170868736	85880832	42303744	28982176	9646080
64	200	225283702	170897408	85880832	42355312	28982176	9797632
65	200	213332966	170930176	85880832	42331936	28982176	9940992
66	200	226544206	170962944	85880832	42303768	28982176	10080256
67	200	224226316	170995712	85880832	42303768	28982176	10227712
68	200	217262000	171032576	85880832	42347136	28982176	10379264
69	200	203682907	171069440	85880832	42303768	28982176	10526720
70	200	206647603	171114496	85880832	42309768	28982176	10674176
71	200	212459864	171126784	85880832	42336184	28982176	10825728
72	200	203952331	171155456	85880832	42352824	28982176	10981376
73	200	212920564	171192320	85880832	42308328	28982176	11124736
74	200	204759689	171225088	85880832	42306592	28982176	11280384
75	200	231994104	171769856	85880832	42327256	28982176	11431936
76	200	218023347	171806720	85880832	42306592	28982176	11583488
77	200	223524592	171839488	85880832	42335232	28982176	11726848
78	200	227300610	171872256	85880832	42342128	28982176	11874304
79	200	220090972	171909120	85880832	42336680	28982176	12029952
80	200	212672250	171933696	85880832	42324392	28982176	12185600
81	200	219830743	171950080	85880832	42349568	28982176	12324864
82	200	204135968	171978752	85880832	42336696	28982176	12472320
83	200	207557142	172007424	85880832	42336696	28982176	12623872
84	200	210472988	172056576	85880832	42308112	28982176	12783616
85	200	232443954	172130304	85880832	42352800	28982176	12935168
86	200	221202343	172158976	85880832	42366256	28982176	13082624
87	200	256044396	172191744	85880832	42336280	28982176	13225984
88	200	208594335	172228608	85880832	42340664	28982176	13377536
89	200	210254477	172265472	85880832	42308112	28982176	13529088
90	200	213408924	172294144	85880832	42342648	28982176	13680640
91	200	211516525	172318720	85880832	42336280	28982176	13836288
92	200	207047405	172351488	85880832	42309136	28982176	13987840
93	200	224664326	172384256	85880832	42308112	28982176	14135296
94	200	235251730	172421120	85880832	42336904	28982176	14282752
95	200	232745774	172453888	85880832	42335976	28982176	14434304
96	200	229705592	172482560	85880832	42318440	28982176	14585856
97	200	217478069	172511232	85880832	42336696	28982176	14729216
98	200	213040147	172560384	85880832	42309848	28982176	14880768
99	200	206736056	172593152	85880832	42308112	28982176	15032320
100	200	218835143	172609536	85880832	42335576	28982176	15175680
101	200	226532235	172650496	85880832	42355064	28982176	15319040
102	200	211766920	172679168	85880832	42354368	28982176	15482880
103	200	222653518	172716032	85880832	42338472	28982176	15638528
104	200	215420358	172761088	85880832	42355944	28982176	15798272
105	200	254764808	172855296	85880832	42337616	28982176	15949824
106	200	225431044	172883968	85880832	42337728	28982176	16109568
107	200	218853496	172920832	85880832	42322088	28982176	16257024
108	200	214050133	172953600	85880832	42322024	28982176	16416768
109	200	211541593	172986368	85880832	42338784	28982176	16560128
110	200	219911392	173010944	85880832	42346096	28982176	16703488
111	200	264856560	173076480	85880832	42340472	28982176	16867328
112	200	241073920	173162496	85880832	42349392	28982176	17018880
113	200	223824666	173195264	85880832	42329768	28982176	17162240
114	200	219581432	173240320	85880832	42309464	28982176	17313792
115	200	232113382	173273088	85880832	42353896	28982176	17469440
116	200	201968266	173309952	85880832	42309464	28982176	17612800
117	200	207615811	173346816	85880832	42354864	28982176	17760256
118	200	206183675	173383680	85880832	42338672	28982176	17911808
119	200	206927956	173416448	85880832	42325152	28982176	18067456
120	200	214433454	173441024	85880832	42317224	28982176	18210816
121	200	203010112	173457408	85880832	42340216	28982176	18358272
122	200	197896384	173494272	85880832	42314032	28982176	18518016
123	200	201790512	173535232	85880832	42311272	28982176	18673664
124	200	204828233	173563904	85880832	42339280	28982176	18817024
125	200	214306234	173600768	85880832	42359800	28982176	18960384
126	200	209659089	173666304	85880832	42311272	28982176	19124224
127	200	200060218	173707264	85880832	42339136	28982176	19271680
128	200	208675284	173744128	85880832	42321600	28982176	19419136
129	200	223332007	173772800	85880832	42368496	28982176	19570688
130	200	215752515	173797376	85880832	42363728	28982176	19714048
131	200	215922398	173830144	85880832	42340200	28982176	19865600
132	200	204268204	173867008	85880832	42343528	28982176	20021248
133	200	213426081	173899776	85880832	42340320	28982176	20172800
134	200	215285091	173936640	85880832	42339152	28982176	20316160
135	200	212046442	173969408	85880832	42419624	28982176	20467712
136	200	207732740	174006272	85880832	42326072	28982176	20623360
137	200	210123321	174039040	85880832	42339152	28982176	20762624
138	200	200422499	174071808	85880832	42339296	28982176	20901888
139	200	213528988	174100480	85880832	42340456	28982176	21061632
140	200	210522421	174125056	85880832	42317240	28982176	21209088
141	200	216306482	174149632	85880832	42311288	28982176	21364736
142	200	222791963	174182400	85880832	42339152	28982176	21508096
143	200	217691346	174211072	85880832	42340472	28982176	21663744
144	200	206364669	174247936	85880832	42338184	28982176	21811200
145	200	207093877	174280704	85880832	42340456	28982176	21958656
146	200	202301744	174313472	85880832	42311288	28982176	22110208
147	200	209472838	174350336	85880832	42313024	28982176	22261760
148	200	224796801	174387200	85880832	42339152	28982176	22413312
149	200	225085890	174419968	85880832	42311288	28982176	22560768
150	200	222166906	174436352	85880832	42350536	28982176	22716416
151	200	227088173	174469120	85880832	42339456	28982176	22867968
152	200	232362723	174497792	85880832	42311288	28982176	23023616
153	200	223529406	174530560	85880832	42354960	28982176	23166976
154	200	231854078	174567424	85880832	42339456	28982176	23322624
155	200	223888291	174604288	85880832	42339448	28982176	23474176
156	200	217654788	174632960	85880832	42375336	28982176	23613440
157	200	225774120	174669824	85880832	42340456	28982176	23769088
158	200	236242756	174710784	85880832	42327856	28982176	23924736
159	200	211984666	174747648	85880832	42313024	28982176	24072192
160	200	217722668	174768128	85880832	42355576	28982176	24215552
161	200	288569181	174780416	85880832	42339872	28982176	24371200
162	200	246217851	174850048	85880832	42353072	28982176	24522752
163	200	237502734	174882816	85880832	42341328	28982176	24674304
164	200	227162566	174911488	85880832	42311288	28982176	24829952
165	200	225337197	174944256	85880832	42311288	28982176	24973312
166	200	214504647	174981120	85880832	42339152	28982176	25124864
167	200	224007527	175017984	85880832	42340496	28982176	25276416
168	200	217622222	175063040	85880832	42339152	28982176	25432064
169	200	257454405	175136768	85880832	42340616	28982176	25579520
170	200	253769900	175157248	85880832	42360608	28982176	25722880
171	200	216008833	175173632	85880832	42313072	28982176	25878528
172	200	222973965	175210496	85880832	42353136	28982176	26034176
173	200	220921811	175243264	85880832	42358096	28982176	26173440
174	200	218528167	175271936	85880832	42311336	28982176	26320896
175	200	210519471	175312896	85880832	42360288	28982176	26472448
176	200	230740153	175345664	85880832	42354800	28982176	26624000
177	200	276629896	175382528	85880832	42339920	28982176	26775552
178	200	221316986	175419392	85880832	42372008	28982176	26931200
179	200	221291783	175456256	85880832	42311336	28982176	27082752
180	200	226645599	175480832	85880832	42317288	28982176	27226112
181	200	222312332	175611904	85880832	42372424	28982176	27377664
182	200	222766868	175640576	85880832	42329664	28982176	27533312
183	200	226316231	175673344	85880832	42333808	28982176	27688960
184	200	223432538	175706112	85880832	42342104	28982176	27832320
185	200	251916213	175734784	85880832	42339496	28982176	27979776
186	200	288236145	175767552	85880832	42339920	28982176	28127232
187	200	231085249	175808512	85880832	42371752	28982176	28282880
188	200	259943701	175841280	85880832	42405144	28982176	28434432
189	200	296116042	175869952	85880832	42352096	28982176	28581888
190	200	240279911	175890432	85880832	42346304	28982176	28729344
191	200	235821517	175919104	85880832	42339648	28982176	28884992
192	200	218208577	175951872	85880832	42350728	28982176	29044736
193	200	279355519	175984640	85880832	42450912	28982176	29192192
194	200	279552289	176029696	85880832	42340944	28982176	29339648
195	200	270424404	176062464	85880832	42356736	28982176	29487104
196	200	254950442	176128000	85880832	42341272	28982176	29638656
197	200	235990220	176164864	85880832	42339952	28982176	29790208
198	200	235894461	176201728	85880832	42340432	28982176	29937664
199	200	220613580	176234496	85880832	42340872	28982176	30085120
200	200	217861075	176254976	85880832	42365848	28982176	30236672
201	200	261866875	176271360	85880832	42340800	28982176	30388224
202	200	259229566	176365568	85880832	42421888	28982176	30535680
203	200	270753568	176398336	85880832	42340400	28982176	30687232
204	200	248681779	176431104	85880832	42327568	28982176	30834688
205	200	237699570	176467968	85880832	42373112	28982176	30986240
206	200	249323305	176500736	85880832	42340072	28982176	31137792
207	200	227407129	176537600	85880832	42340344	28982176	31289344
208	200	233767067	176566272	85880832	42370312	28982176	31436800
209	200	249006357	176607232	85880832	42311760	28982176	31584256
210	200	288015966	177287168	85880832	42317720	28982176	31731712
211	200	226351500	177315840	85880832	42339840	28982176	31891456
212	200	249740388	177352704	85880832	42311768	28982176	32038912
213	200	230865772	177381376	85880832	42339632	28982176	32186368
214	200	215728221	177418240	85880832	42312792	28982176	32329728
215	200	217158477	177446912	85880832	42352560	28982176	32485376
216	200	220462904	177479680	85880832	42340904	28982176	32632832
217	200	221704894	177516544	85880832	42340056	28982176	32788480
218	200	209709751	177557504	85880832	42311768	28982176	32940032
219	200	214016237	177590272	85880832	42311768	28982176	33091584
220	200	222352419	177614848	85880832	42321688	28982176	33234944
221	200	203126043	177627136	85880832	42356168	28982176	33386496
222	200	223295611	177655808	85880832	42311784	28982176	33542144
223	200	212215324	177692672	85880832	42340696	28982176	33693696
224	200	219324456	177721344	85880832	42349976	28982176	33849344
225	200	212161927	177754112	85880832	42333472	28982176	33988608
226	200	211004078	177786880	85880832	42360248	28982176	34144256
227	200	208041569	177827840	85880832	42339944	28982176	34295808
228	200	205557685	177864704	85880832	42311784	28982176	34451456
229	200	219382483	177901568	85880832	42340952	28982176	34594816
230	200	213832271	177922048	85880832	42317736	28982176	34742272
231	200	209541011	177942528	85880832	42328352	28982176	34893824
232	200	210546521	177975296	85880832	42311784	28982176	35049472
233	200	208383574	178008064	85880832	42341688	28982176	35196928
234	200	213246339	178036736	85880832	42375208	28982176	35340288
235	200	229435233	178069504	85880832	42341976	28982176	35491840
236	200	227867710	178106368	85880832	42311784	28982176	35643392
237	200	215050429	178139136	85880832	42324416	28982176	35799040
238	200	217888569	178262016	85880832	42355152	28982176	35946496
239	200	226117520	178290688	85880832	42339856	28982176	36093952
240	200	227259085	178442240	85880832	42328064	28982176	36249600
241	200	216838243	178466816	85880832	42339952	28982176	36405248
242	200	234403624	178499584	85880832	42340800	28982176	36552704
243	200	237929579	178528256	85880832	42352512	28982176	36687872
244	200	220393065	178581504	85880832	42339944	28982176	36843520
245	200	215577141	178638848	85880832	42359272	28982176	37003264
246	200	227595155	178675712	85880832	42340904	28982176	37142528
247	200	231210734	178708480	85880832	42339944	28982176	37289984
248	200	239954621	178749440	85880832	42311784	28982176	37445632
249	200	237939429	178790400	85880832	42311784	28982176	37597184
250	200	238724058	178810880	85880832	42366264	28982176	37744640
251	200	231593714	178823168	85880832	42340800	28982176	37896192
252	200	241032699	178851840	85880832	42339648	28982176	38051840
253	200	217959271	178888704	85880832	42340736	28982176	38199296
254	200	212764577	178925568	85880832	42311784	28982176	38354944
255	200	206175274	178966528	85880832	42327592	28982176	38502400
256	200	202341790	178995200	85880832	42350120	28982176	38649856
257	200	211787108	179036160	85880832	42342104	28982176	38797312
258	200	209740254	179073024	85880832	42352976	28982176	38952960
259	200	238721653	179109888	85880832	42357416	28982176	39104512
260	200	266490256	179351552	85880832	42364376	28982176	39247872
261	200	249465056	179363840	85880832	42341600	28982176	39395328
262	200	264824106	179396608	85880832	42405776	28982176	39550976
263	200	263697120	179433472	85880832	42339952	28982176	39710720
264	200	259713523	179879936	85880832	42344360	28982176	39854080
265	200	293181921	179916800	85880832	42339976	28982176	39997440
266	200	299409493	180109312	85880832	42342888	28982176	40148992
267	200	265759296	180301824	85880832	42340848	28982176	40308736
268	200	228831043	180338688	85880832	42339944	28982176	40460288
269	200	223735751	180367360	85880832	42311784	28982176	40611840
270	200	223044778	180396032	85880832	42332040	28982176	40767488
271	200	224098343	180420608	85880832	42339952	28982176	40931328
272	200	220592392	180453376	85880832	42336896	28982176	41086976
273	200	229102108	180482048	85880832	42328872	28982176	41230336
274	200	234651975	180510720	85880832	42389192	28982176	41377792
275	200	219629632	180551680	85880832	42360760	28982176	41529344
276	200	231093558	180588544	85880832	42312808	28982176	41684992
277	200	221838229	180625408	85880832	42339952	28982176	41836544
278	200	219366803	180658176	85880832	42311784	28982176	41979904
279	200	214048950	180686848	85880832	42339792	28982176	42119168
280	200	219599382	181305344	85880832	42358232	28982176	42274816
281	200	220446460	181325824	85880832	42340096	28982176	42430464
282	200	221703174	181350400	85880832	42313520	28982176	42577920
283	200	218797945	181383168	85880832	42311784	28982176	42717184
284	200	224664862	181415936	85880832	42341528	28982176	42872832
285	200	256624418	181456896	85880832	42340368	28982176	43028480
286	200	235307462	181489664	85880832	42360048	28982176	43184128
287	200	228007675	181522432	85880832	42340096	28982176	43323392
288	200	216893763	181559296	85880832	42338680	28982176	43474944
289	200	217724339	181596160	85880832	42354432	28982176	43630592
290	200	221422166	181612544	85880832	42317736	28982176	43778048
291	200	219377964	181628928	85880832	42340096	28982176	43933696
292	200	229550895	181661696	85880832	42311784	28982176	44089344
293	200	226798799	181694464	85880832	42362120	28982176	44236800
294	200	218323862	181739520	85880832	42313520	28982176	44384256
295	200	213708777	181768192	85880832	42339952	28982176	44539904
296	200	223807258	181800960	85880832	42312808	28982176	44679168
297	200	234043612	181837824	85880832	42352216	28982176	44834816
298	200	240697184	181878784	85880832	42340944	28982176	44986368
299	200	251276360	181911552	85880832	42340424	28982176	45137920
300	200	248003757	181932032	85880832	42366264	28982176	45281280
301	200	247961139	181948416	85880832	42354008	28982176	45432832
302	200	241472208	181981184	85880832	42341512	28982176	45588480
303	200	225818813	182013952	85880832	42328872	28982176	45731840
304	200	238205796	182046720	85880832	42352632	28982176	45887488
305	200	285914306	182083584	85880832	42406632	28982176	46034944
306	200	264390424	182116352	85880832	42329848	28982176	46186496
307	200	268501699	182157312	85880832	42341664	28982176	46338048
308	200	261659726	182243328	85880832	42316272	28982176	46489600
309	200	242976983	182276096	85880832	42341584	28982176	46637056
310	200	239266301	182300672	85880832	42346416	28982176	46780416
311	200	237536046	182321152	85880832	42312304	28982176	46931968
312	200	235798333	182349824	85880832	42347720	28982176	47091712
313	200	241819623	182390784	85880832	42341216	28982176	47235072
314	200	232951736	182419456	85880832	42341240	28982176	47382528
315	200	240072949	182583296	85880832	42312304	28982176	47534080
316	200	234633139	182620160	85880832	42340048	28982176	47685632
317	200	243090904	182652928	85880832	42391456	28982176	47833088
318	200	282396304	182685696	85880832	42342288	28982176	47984640
319	200	285941078	182718464	85880832	42375448	28982176	48132096
320	200	262304596	182743040	85880832	42329536	28982176	48275456
321	200	221938024	182759424	85880832	42341568	28982176	48427008
322	200	224564486	182808576	85880832	42341424	28982176	48578560
323	200	228875116	182841344	85880832	42368832	28982176	48721920
324	200	230352238	182878208	85880832	42353984	28982176	48873472
325	200	229750472	182915072	85880832	42361944	28982176	49029120
326	200	227568452	182951936	85880832	42341416	28982176	49176576
327	200	224147068	182984704	85880832	42342368	28982176	49324032
328	200	233466343	183013376	85880832	42341896	28982176	49471488
329	200	256839764	183042048	85880832	42374976	28982176	49618944
330	200	238675093	183087104	85880832	42347792	28982176	49770496
331	200	236375062	183107584	85880832	42409168	28982176	49926144
332	200	299193318	183136256	85880832	42358616	28982176	50077696
333	200	269955591	183169024	85880832	42342048	28982176	50221056
334	200	228723800	183209984	85880832	42342320	28982176	50380800
335	200	220165256	183250944	85880832	42341528	28982176	50532352
336	200	224161486	183283712	85880832	42323584	28982176	50683904
337	200	226436482	183320576	85880832	42342352	28982176	50827264
338	200	215653171	183361536	85880832	42381424	28982176	50978816
339	200	217045130	183398400	85880832	42333560	28982176	51130368
340	200	235334078	183422976	85880832	42333992	28982176	51281920
341	200	222248007	183439360	85880832	42313256	28982176	51433472
342	200	215829616	183472128	85880832	42313256	28982176	51580928
343	200	218649838	183500800	85880832	42408536	28982176	51728384
344	200	246054501	183533568	85880832	42420216	28982176	51879936
345	200	284906440	183570432	85880832	42343240	28982176	52035584
346	200	215000267	183603200	85880832	42357832	28982176	52187136
347	200	213214997	183635968	85880832	42342288	28982176	52338688
348	200	220030224	183681024	85880832	42313256	28982176	52490240
349	200	208607289	183713792	85880832	42341264	28982176	52637696
350	200	214845407	183738368	85880832	42367736	28982176	52776960
351	200	208164425	183762944	85880832	42342912	28982176	52924416
352	200	218424223	183799808	85880832	42388632	28982176	53084160
353	200	214238878	183840768	85880832	42313256	28982176	53235712
354	200	217827912	183869440	85880832	42344160	28982176	53387264
355	200	216150888	183902208	85880832	42342168	28982176	53526528
356	200	207611623	183934976	85880832	42343304	28982176	53686272
357	200	230829068	183971840	85880832	42356360	28982176	53833728
358	200	230203169	184008704	85880832	42343488	28982176	53985280
359	200	212930325	184041472	85880832	42341416	28982176	54136832
360	200	217586261	184061952	85880832	42348144	28982176	54276096
361	200	212596082	184082432	85880832	42358992	28982176	54431744
362	200	217504688	184111104	85880832	42313256	28982176	54583296
363	200	208098462	184139776	85880832	42313256	28982176	54734848
364	200	211580273	184172544	85880832	42331584	28982176	54878208
365	200	218666393	184205312	85880832	42341264	28982176	55029760
366	200	209062405	184242176	85880832	42356680	28982176	55177216
367	200	201894015	184274944	85880832	42341416	28982176	55332864
368	200	206092201	184307712	85880832	42326344	28982176	55480320
369	200	209474639	184336384	85880832	42341120	28982176	55627776
370	200	206522404	184356864	85880832	42347368	28982176	55779328
371	200	212371590	184377344	85880832	42341120	28982176	55934976
372	200	204028031	184406016	85880832	42313256	28982176	56094720
373	200	212491122	184438784	85880832	42341264	28982176	56233984
374	200	213838701	184471552	85880832	42328040	28982176	56389632
375	200	212505851	184512512	85880832	42350488	28982176	56541184
376	200	202194536	184549376	85880832	42341120	28982176	56696832
377	200	207309143	184586240	85880832	42342168	28982176	56840192
378	200	207028562	184700928	85880832	42326848	28982176	56991744
379	200	207622744	184737792	85880832	42313256	28982176	57135104
380	200	218722638	184754176	85880832	42320944	28982176	57286656
381	200	206339109	184770560	85880832	42313256	28982176	57446400
382	200	212494705	184799232	85880832	42313256	28982176	57597952
383	200	222383822	184832000	85880832	42341424	28982176	57737216
384	200	227542550	184864768	85880832	42351744	28982176	57888768
385	200	215766512	184901632	85880832	42342272	28982176	58048512
386	200	214210529	184934400	85880832	42313256	28982176	58195968
387	200	204861696	184967168	85880832	42325888	28982176	58343424
388	200	222685679	185008128	85880832	42342144	28982176	58490880
389	200	211908364	185036800	85880832	42358096	28982176	58646528
390	200	210246324	185057280	85880832	42354624	28982176	58785792
391	200	212376991	185069568	85880832	42356208	28982176	58941440
392	200	211587051	185102336	85880832	42342856	28982176	59097088
393	200	217605522	185135104	85880832	42313256	28982176	59248640
394	200	205843948	185176064	85880832	42341120	28982176	59400192
395	200	208085960	185208832	85880832	42342312	28982176	59547648
396	200	206463751	185237504	85880832	42345984	28990368	59691008
397	200	206711625	185278464	85880832	42343592	28982176	59842560
398	200	208850891	185315328	85880832	42342312	28982176	59998208
399	200	205489248	185352192	85880832	42315176	28982176	60145664
400	200	219300209	185372672	85880832	42379264	28982176	60293120
401	200	219588419	185389056	85880832	42343552	28982176	60444672
402	200	208808475	185421824	85880832	42314512	28982176	60600320
403	200	211086625	185454592	85880832	42366000	28982176	60747776
404	200	202837047	185483264	85880832	42359240	28982176	60891136
405	200	210793769	185524224	85880832	42356824	28982176	61042688
406	200	215638714	185606144	85880832	42342376	28982176	61190144
407	200	208599731	185638912	85880832	42376368	28982176	61345792
408	200	207854797	185675776	85880832	42329296	28982176	61493248
409	200	222103832	185712640	85880832	42356336	28982176	61648896
410	200	212818842	185737216	85880832	42320464	28982176	61796352
411	200	208767601	185761792	85880832	42314512	28982176	61952000
412	200	206850124	185798656	85880832	42342520	28982176	62095360
413	200	202989836	185827328	85880832	42342672	28982176	62246912
414	200	210426345	185856000	85880832	42314512	28982176	62390272
415	200	202845994	185884672	85880832	42343680	28982176	62537728
416	200	209395597	185913344	85880832	42343168	28982176	62697472
417	200	225483830	185954304	85880832	42316248	28982176	62857216
418	200	257634812	185987072	85880832	42424640	28982176	63012864
419	200	248271206	186015744	85880832	42315536	28982176	63156224
420	200	227206253	186032128	85880832	42320464	28982176	63303680
421	200	222026527	186048512	85880832	42343680	28982176	63447040
422	200	278528305	186077184	85880832	42314512	28982176	63606784
423	200	230516845	186114048	85880832	42376832	28982176	63754240
424	200	226232813	186146816	85880832	42343424	28982176	63905792
425	200	281331974	186179584	85880832	42380600	28982176	64057344
426	200	232915449	186220544	85880832	42314512	28982176	64204800
427	200	260727696	186257408	85880832	42343872	28982176	64360448
428	200	298913507	186298368	85880832	42377208	28982176	64512000
429	200	238560092	186339328	85880832	42362944	28982176	64659456
430	200	285814128	186380288	85880832	42414584	28982176	64802816
431	200	304335875	186392576	85880832	42453048	28982176	64958464
432	200	290139111	186429440	85880832	42366200	28982176	65110016
433	200	274249949	186458112	85880832	42359272	28982176	65257472
434	200	269663743	187289600	85880832	42343768	28982176	65404928
435	200	324276501	187338752	85880832	42375488	28982176	65564672
436	200	375585770	187547648	85880832	42344304	28982176	65712128
437	200	349385165	187588608	85880832	42361648	28982176	65851392
438	200	256487908	187674624	85880832	42361592	28982176	66007040
439	200	229230408	187719680	85880832	42363416	28982176	66158592
440	200	234008013	187748352	85880832	42342944	28982176	66310144
441	200	226894922	187764736	85880832	42333024	28982176	66457600
442	200	228763506	187793408	85880832	42396456	28982176	66609152
443	200	228017907	187830272	85880832	42333024	28982176	66756608
444	200	216740481	187863040	85880832	42361032	28982176	66904064
445	200	218284509	187899904	85880832	42361184	28982176	67055616
446	200	217411995	187932672	85880832	42361184	28982176	67215360
447	200	235550432	187969536	85880832	42410704	28982176	67354624
448	200	214966433	188006400	85880832	42371216	28982176	67502080
449	200	226054955	188039168	85880832	42333024	28982176	67657728
450	200	218700432	188059648	85880832	42388528	28982176	67809280
451	200	240510621	188088320	85880832	42361296	28982176	67956736
452	200	217489262	188121088	85880832	42365960	28982176	68112384
453	200	209903683	188157952	85880832	42333024	28982176	68268032
454	200	223374943	188198912	85880832	42362768	28982176	68415488
455	200	227622510	188227584	85880832	42361032	28982176	68558848
456	200	223193747	188256256	85880832	42361184	28982176	68706304
457	200	234389865	188289024	85880832	42361048	28982176	68861952
458	200	245669993	188334080	85880832	42362616	28982176	69009408
459	200	243990320	188362752	85880832	42388240	28982176	69160960
460	200	236217031	188379136	85880832	42340000	28982176	69304320
461	200	230614575	188399616	85880832	42361192	28982176	69459968
462	200	220001641	188436480	85880832	42377456	28982176	69611520
463	200	218402856	188469248	85880832	42361032	28982176	69767168
464	200	288494956	188497920	85880832	42406048	28982176	69918720
465	200	250043218	188534784	85880832	42361816	28982176	70057984
466	200	248608159	188575744	85880832	42397488	28982176	70209536
467	200	295265209	188612608	85880832	42461656	28982176	70365184
468	200	299248238	188719104	85880832	42370128	28982176	70524928
469	200	316388236	188755968	85880832	42396120	28982176	70664192
470	200	275549777	188772352	85880832	42341688	28982176	70811648
471	200	293002763	188788736	85880832	42362720	28982176	70967296
472	200	296118892	188821504	85880832	42428888	28982176	71122944
473	200	306302057	188850176	85880832	42334712	28982176	71266304
474	200	374040606	188887040	85880832	42375520	28982176	71413760
475	200	438379928	189202432	85880832	42418072	28982176	71569408
476	200	331630360	189362176	85880832	42428424	28982176	71708672
477	200	507812746	189399040	85880832	42363296	28982176	71864320
478	200	355942246	189440000	85880832	42397800	28982176	72011776
479	200	308407303	189472768	85880832	42395344	28982176	72159232
480	200	578420163	189493248	85880832	42380600	28982176	72314880
481	200	298905286	189513728	85880832	42396432	28982176	72470528
482	200	303722315	189534208	85880832	42363296	28982176	72613888
483	200	280749644	189562880	85880832	42428440	28982176	72757248
484	200	282653124	189595648	85880832	42367264	28982176	72921088
485	200	246964548	189636608	85880832	42362872	28982176	73068544
486	200	248968698	189669376	85880832	42376448	28982176	73216000
487	200	257921214	189702144	85880832	42396064	28982176	73359360
488	200	248694525	189739008	85880832	42334712	28982176	73519104
489	200	259796223	189784064	85880832	42362720	28982176	73670656
490	200	256245855	189841408	85880832	42368528	28982176	73818112
491	200	250978911	189853696	85880832	42448488	28982176	73969664
492	200	241256807	189882368	85880832	42334712	28982176	74125312
493	200	246889887	189919232	85880832	42475400	28982176	74272768
494	200	249243285	189956096	85880832	42353040	28982176	74424320
495	200	248721001	189988864	85880832	42375656	28982176	74579968
496	200	242935973	190025728	85880832	42373624	28982176	74723328
497	200	247768564	190062592	85880832	42363352	28982176	74870784
498	200	246008433	190099456	85880832	42364088	28982176	75022336
499	200	248388697	190132224	85880832	42363920	28982176	75177984
500	200	249120096	190156800	85880832	42389800	28982176	75321344
501	200	254011567	190181376	85880832	42336944	28982176	75476992
502	200	253883242	190210048	85880832	42363952	28982176	75632640
503	200	245226174	190238720	85880832	42364800	28982176	75784192
504	200	244569066	190300160	85880832	42363200	28982176	75952128
505	200	243741660	190341120	85880832	42446464	28982176	76111872
506	200	249675943	190373888	85880832	42363208	28982176	76267520
507	200	253078004	190414848	85880832	42383040	28982176	76423168
508	200	258620276	190447616	85880832	42363952	28982176	76587008
509	200	247795323	190484480	85880832	42363624	28982176	76738560
510	200	252649015	190504960	85880832	42355776	28982176	76886016
511	200	246071514	190529536	85880832	42398152	28982176	77053952
512	200	249159922	190570496	85880832	42373824	28982176	77213696
513	200	252347043	190603264	85880832	42398088	28982176	77361152
514	200	252902893	190631936	85880832	42363952	28982176	77516800
515	200	244236678	190676992	85880832	42365688	28982176	77676544
516	200	251041141	190713856	85880832	42363312	28982176	77840384
517	200	240352005	190746624	85880832	42376760	28982176	77991936
518	200	245928708	190779392	85880832	42362904	28982176	78155776
519	200	268119449	190820352	85880832	42379920	28982176	78307328
520	200	266460534	190844928	85880832	42387960	28982176	78467072
521	200	274627469	190857216	85880832	42429912	28982176	78626816
522	200	313340914	190889984	85880832	42365120	28982176	78790656
523	200	249971629	190926848	85880832	42363624	28982176	78942208
524	200	249603249	190959616	85880832	42363112	28982176	79106048
525	200	242259543	190996480	85880832	42355704	28982176	79273984
526	200	234651395	191029248	85880832	42365576	28982176	79429632
527	200	241243551	191066112	85880832	42380408	28982176	79585280
528	200	232372367	191098880	85880832	42377496	28982176	79740928
529	200	245728010	191139840	85880832	42364440	28982176	79900672
530	200	279925513	191160320	85880832	42340992	28982176	80056320
531	200	246548869	191180800	85880832	42363352	28982176	80216064
532	200	218108959	191221760	85880832	42336064	28982176	80367616
533	200	224460862	191250432	85880832	42363352	28982176	80527360
534	200	210691927	191279104	85880832	42351608	28982176	80674816
535	200	220001522	191307776	85880832	42363208	28982176	80826368
536	200	224672811	191336448	85880832	42364824	28982176	80986112
537	200	221495078	191373312	85880832	42335040	28982176	81149952
538	200	258589133	191410176	85880832	42442120	28982176	81313792
539	200	315231785	191442944	85880832	42363680	28982176	81469440
540	200	314410919	191463424	85880832	42415664	28982176	81625088
541	200	315478038	191488000	85880832	42429520	28982176	81784832
542	200	267943713	191516672	85880832	42365864	28982176	81948672
543	200	236060770	191549440	85880832	42364104	28982176	82104320
544	200	250575063	192126976	85880832	42388312	28982176	82264064
545	200	235648083	192155648	85880832	42364056	28982176	82423808
546	200	236598423	192188416	85880832	42401128	28982176	82567168
547	200	233868449	192225280	85880832	42363928	28982176	82731008
548	200	225212913	192266240	85880832	42351608	28982176	82890752
549	200	228216145	192299008	85880832	42363208	28982176	83050496
550	200	230978528	192323584	85880832	42389520	28982176	83202048
551	200	223028753	192339968	85880832	42335040	28982176	83357696
552	200	232967798	192368640	85880832	42365664	28982176	83521536
553	200	266580698	192405504	85880832	42460944	28982176	83677184
554	200	242485005	192438272	85880832	42363624	28982176	83836928
555	200	276151148	192475136	85880832	42363832	28982176	83992576
556	200	262636994	192512000	85880832	42365680	28982176	84152320
557	200	256736005	192548864	85880832	42396080	28982176	84303872
558	200	245917807	192585728	85880832	42364784	28982176	84463616
559	200	225854107	192622592	85880832	42364056	28982176	84611072
560	200	244079497	192647168	85880832	42391816	28982176	84762624
561	200	272713059	192663552	85880832	42349824	28982176	84926464
562	200	252798625	192696320	85880832	42363928	28982176	85086208
563	200	234577915	192729088	85880832	42380248	28982176	85241856
564	200	221144192	192757760	85880832	42385144	28982176	85393408
565	200	218693203	192790528	85880832	42384296	28982176	85557248
566	200	227264716	192831488	85880832	42363200	28982176	85712896
567	200	221178670	192864256	85880832	42347608	28982176	85872640
568	200	247218677	192892928	85880832	42363208	28982176	86028288
569	200	244975579	192925696	85880832	42363624	28982176	86183936
570	200	224441625	192946176	85880832	42340992	28982176	86339584
571	200	232841542	192962560	85880832	42364208	28982176	86507520
572	200	230632937	192991232	85880832	42385344	28982176	86675456
573	200	230930120	193028096	85880832	42336064	28982176	86822912
574	200	217000409	193060864	85880832	42362904	28982176	86986752
575	200	226171157	193101824	85880832	42383568	28982176	87146496
576	200	228477353	193138688	85880832	42373680	28982176	87302144
577	200	240834255	193175552	85880832	42382256	28982176	87445504
578	200	253010545	193208320	85880832	42378992	28982176	87609344
579	200	218502503	193245184	85880832	42363624	28982176	87760896
580	200	235280887	193261568	85880832	42369152	28982176	87908352
581	200	233386131	193273856	85880832	42376312	28982176	88072192
582	200	286792871	193298432	85880832	42364784	28982176	88231936
583	200	242396548	193335296	85880832	42429912	28982176	88379392
584	200	259233986	193368064	85880832	42335040	28982176	88539136
585	200	222828305	193404928	85880832	42352128	28982176	88702976
586	200	238060897	193437696	85880832	42362904	28982176	88862720
587	200	223012747	193474560	85880832	42363928	28982176	89014272
588	200	231629065	193536000	85880832	42335040	28982176	89174016
589	200	243183762	193564672	85880832	42365408	28982176	89341952
590	200	241120901	193585152	85880832	42340992	28982176	89485312
591	200	228428451	193601536	85880832	42335040	28982176	89653248
592	200	222805388	193630208	85880832	42389800	28982176	89817088
593	200	233911824	193662976	85880832	42336064	28982176	89972736
594	200	222070515	193703936	85880832	42347608	28982176	90132480
595	200	222123311	193732608	85880832	42377688	28982176	90296320
596	200	218251956	193769472	85880832	42335040	28982176	90443776
597	200	236332335	193810432	85880832	42363048	28982176	90607616
598	200	226193558	193851392	85880832	42381376	28982176	90763264
599	200	227799042	193884160	85880832	42363312	28982176	90923008
600	200	260219543	193908736	85880832	42389816	28982176	91074560
601	200	263768118	193925120	85880832	42366616	28982176	91226112
602	200	234152731	193953792	85880832	42363232	28982176	91394048
603	200	248428109	193990656	85880832	42349024	28982176	91545600
604	200	249330199	194023424	85880832	42335368	28982176	91709440
605	200	262530818	194056192	85880832	42366096	28982176	91865088
606	200	241079506	194093056	85880832	42380096	28982176	92028928
607	200	251457045	194146304	85880832	42335368	28982176	92184576
608	200	341965996	194183168	85880832	42345696	28982176	92336128
609	200	245657934	194215936	85880832	42397200	28982176	92487680
610	200	249265412	194244608	85880832	42369776	28982176	92639232
611	200	268291365	194260992	85880832	42461608	28982176	92803072
612	200	252079912	194293760	85880832	42378736	28982176	92962816
613	200	222896269	194355200	85880832	42464592	28982176	93110272
614	200	231915693	194396160	85880832	42335368	28982176	93270016
615	200	249040959	194433024	85880832	42363232	28982176	93425664
616	200	268340768	194461696	85880832	42367080	28982176	93585408
617	200	232054783	194506752	85880832	42365024	28982176	93736960
618	200	269193691	194543616	85880832	42428840	28982176	93896704
619	200	296542777	194576384	85880832	42363936	28982176	94056448
620	200	245326589	194600960	85880832	42369344	28982176	94208000
621	200	246170615	194621440	85880832	42364504	28982176	94371840
622	200	221634651	194650112	85880832	42363112	28990368	94535680
623	200	220932385	194682880	85880832	42484416	28982176	94695424
624	200	236284479	194715648	85880832	42382136	28982176	94851072
625	200	221045122	194748416	85880832	42396912	28982176	95002624
626	200	225444388	194777088	85880832	42365344	28982176	95154176
627	200	235199184	194818048	85880832	42363720	28982176	95322112
628	200	234452364	194854912	85880832	42335448	28982176	95481856
629	200	222356584	194883584	85880832	42378816	28982176	95637504
630	200	241352102	194904064	85880832	42370344	28982176	95784960
631	200	232396047	194928640	85880832	42363608	28982176	95961088
632	200	271830023	194961408	85880832	42363760	28982176	96120832
633	200	254201396	194990080	85880832	42365192	28982176	96268288
634	200	245548531	195026944	85880832	42365488	28982176	96432128
635	200	242374036	195059712	85880832	42380928	28982176	96595968
636	200	237273582	195088384	85880832	42363760	28982176	96739328
637	200	243745872	195125248	85880832	42366128	28982176	96903168
638	200	236525455	195166208	85880832	42366496	28982176	97067008
639	200	267967865	195203072	85880832	42396408	28982176	97222656
640	200	244022663	195223552	85880832	42380040	28982176	97374208
641	200	230594650	195239936	85880832	42335448	28982176	97533952
642	200	229363232	195264512	85880832	42335448	28982176	97693696
643	200	249363285	195297280	85880832	42335448	28982176	97845248
644	200	270004715	195325952	85880832	42430296	28982176	98009088
645	200	287510725	195362816	85880832	42364240	28982176	98156544
646	200	290253283	195395584	85880832	42391816	28982176	98316288
647	200	306905718	195432448	85880832	42364360	28982176	98476032
648	200	264445059	195473408	85880832	42376288	28982176	98635776
649	200	259337329	195510272	85880832	42381184	28982176	98779136
650	200	241112770	195530752	85880832	42382128	28982176	98930688
651	200	239725609	195543040	85880832	42335448	28982176	99102720
652	200	268843731	195575808	85880832	42396080	28982176	99258368
653	200	270011794	195604480	85880832	42365416	28982176	99401728
654	200	297205172	195637248	85880832	42365056	28982176	99561472
655	200	251866055	195678208	85880832	42396240	28982176	99725312
656	200	251585225	195715072	85880832	42374360	28982176	99880960
657	200	239151913	195747840	85880832	42363720	28982176	100036608
658	200	231531891	195784704	85880832	42364736	28982176	100188160
659	200	226958705	195817472	85880832	42335448	28982176	100347904
660	200	233549032	195842048	85880832	42373232	28982176	100511744
661	200	230207957	195862528	85880832	42364848	28982176	100667392
662	200	243627025	195887104	85880832	42363608	28982176	100823040
663	200	272439018	195919872	85880832	42494960	28982176	100978688
664	200	238142508	195952640	85880832	42380656	28982176	101138432
665	200	291571510	195989504	85880832	42365112	28982176	101289984
666	200	228160548	196022272	85880832	42363760	28982176	101449728
667	200	235993983	196063232	85880832	42364232	28982176	101597184
668	200	232841128	196096000	85880832	42376240	28982176	101752832
669	200	234939444	196128768	85880832	42335448	28982176	101904384
670	200	231816453	196530176	85880832	42370568	28982176	102064128
671	200	270053083	196546560	85880832	42396488	28982176	102227968
672	200	240048752	197468160	85880832	42345776	28982176	102387712
673	200	227130440	197500928	85880832	42364616	28982176	102547456
674	200	225422716	197541888	85880832	42363720	28982176	102703104
675	200	231186799	197574656	85880832	42371440	28982176	102858752
676	200	263790202	197607424	85880832	42382728	28982176	103018496
677	200	272202922	197652480	85880832	42364696	28982176	103178240
678	200	284657655	197685248	85880832	42401584	28982176	103329792
679	200	262751743	197713920	85880832	42364192	28982176	103481344
680	200	231877865	197734400	85880832	42356344	28982176	103632896
681	200	237578408	197754880	85880832	42363616	28982176	103804928
682	200	233308384	197783552	85880832	42363880	28982176	103960576
683	200	235835571	197812224	85880832	42335608	28982176	104116224
684	200	272129277	197849088	85880832	42363616	28982176	104275968
685	200	270701388	197881856	85880832	42365480	28982176	104435712
686	200	263698313	197910528	85880832	42429152	28982176	104591360
687	200	273257116	197947392	85880832	42365536	28982176	104751104
688	200	255852406	197988352	85880832	42406728	28982176	104910848
689	200	244489900	198017024	85880832	42376880	28982176	105074688
690	200	240845880	198037504	85880832	42370144	28982176	105218048
691	200	232724760	198057984	85880832	42363632	28982176	105390080
692	200	242466877	198090752	85880832	42364624	28982176	105549824
693	200	239595746	198119424	85880832	42380336	28982176	105705472
694	200	273556566	198160384	85880832	42363920	28982176	105869312
695	200	254202858	198193152	85880832	42398504	28982176	106029056
696	200	252863063	198221824	85880832	42365688	28982176	106176512
697	200	245851172	198262784	85880832	42412376	28982176	106336256
698	200	286654393	198299648	85880832	42364192	28982176	106500096
699	200	243433060	198336512	85880832	42432200	28982176	106659840
700	200	245303359	198365184	85880832	42362224	28982176	106807296
701	200	293479284	198381568	85880832	42367032	28982176	106967040
702	200	284804702	198410240	85880832	42477392	28982176	107130880
703	200	255689401	198443008	85880832	42363800	28982176	107278336
704	200	234995654	198471680	85880832	42412928	28982176	107433984
705	200	233741838	198504448	85880832	42335936	28982176	107601920
706	200	227198538	198545408	85880832	42365600	28982176	107757568
707	200	229494154	198578176	85880832	42380816	28982176	107913216
708	200	226288766	198610944	85880832	42335936	28982176	108068864
709	200	303287664	198651904	85880832	42430056	28982176	108232704
710	200	250051621	198676480	85880832	42370200	28982176	108384256
711	200	261559744	198696960	85880832	42377360	28982176	108539904
712	200	235860872	198729728	85880832	42366584	28982176	108699648
713	200	214822039	198762496	85880832	42364248	28982176	108855296
714	200	223759986	198787072	85880832	42378584	28982176	108998656
715	200	219967967	198815744	85880832	42364952	28982176	109150208
716	200	218078022	198848512	85880832	42336960	28982176	109314048
717	200	222467532	198889472	85880832	42363800	28982176	109473792
718	200	221889468	198934528	85880832	42364576	28982176	109637632
719	200	227140040	198971392	85880832	42364208	28982176	109797376
720	200	228697171	198995968	85880832	42381576	28982176	109944832
721	200	232650650	199012352	85880832	42364952	28982176	110108672
722	200	220441843	199041024	85880832	42352504	28982176	110272512
723	200	223847646	199069696	85880832	42335936	28982176	110436352
724	200	216266306	199106560	85880832	42365680	28982176	110587904
725	200	212155998	199135232	85880832	42356600	28982176	110743552
726	200	209221719	199168000	85880832	42336960	28982176	110891008
727	200	211022303	199204864	85880832	42363800	28982176	111058944
728	200	232155834	199241728	85880832	42354264	28982176	111222784
729	200	218429344	199274496	85880832	42376368	28982176	111374336
730	200	222153879	199290880	85880832	42370048	28982176	111525888
731	200	206975928	199311360	85880832	42378880	28982176	111685632
732	200	226803008	199344128	85880832	42376728	28982176	111853568
733	200	217802792	199376896	85880832	42386680	28982176	112005120
734	200	213619894	199409664	85880832	42363944	28982176	112164864
735	200	205475177	199442432	85880832	42364096	28990368	112324608
736	200	212715551	199479296	85880832	42459288	28982176	112480256
737	200	217024072	199516160	85880832	42364576	28982176	112640000
738	200	215338359	199557120	85880832	42335936	28982176	112799744
739	200	208963278	199593984	85880832	42364104	28982176	112939008
740	200	222487821	199614464	85880832	42341888	28982176	113094656
741	200	227244251	199630848	85880832	42380888	28982176	113258496
742	200	215830149	199663616	85880832	42335936	28982176	113410048
743	200	221167543	199692288	85880832	42364104	28982176	113565696
744	200	218189988	199725056	85880832	42335936	28982176	113725440
745	200	228543185	199757824	85880832	42364104	28982176	113885184
746	200	209679650	199794688	85880832	42336960	28982176	114040832
747	200	223877168	199827456	85880832	42335936	28982176	114204672
748	200	219878240	199868416	85880832	42382976	28982176	114360320
749	200	221953811	199905280	85880832	42337672	28982176	114515968
750	200	213188242	199925760	85880832	42362552	28982176	114671616
751	200	214147946	199942144	85880832	42380672	28982176	114839552
752	200	215430705	199983104	85880832	42346264	28982176	114995200
753	200	242468799	200011776	85880832	42335936	28982176	115150848
754	200	211048268	200044544	85880832	42394760	28982176	115310592
755	200	221450022	200077312	85880832	42364096	28982176	115466240
756	200	209858957	200114176	85880832	42348504	28982176	115621888
757	200	208249855	200146944	85880832	42364824	28982176	115773440
758	200	217552664	200187904	85880832	42335936	28982176	115933184
759	200	214770528	200224768	85880832	42335936	28982176	116092928
760	200	214547328	200249344	85880832	42369896	28982176	116248576
761	200	222953695	200265728	85880832	42365680	28982176	116404224
762	200	225868669	200294400	85880832	42363944	28982176	116559872
763	200	219784941	200327168	85880832	42364888	28982176	116711424
764	200	216158906	200359936	85880832	42335936	28982176	116879360
765	200	214873356	200409088	85880832	42367288	28982176	117030912
766	200	221775814	200437760	85880832	42335936	28982176	117186560
767	200	207745340	200478720	85880832	42364968	28982176	117346304
768	200	215166385	200519680	85880832	42346264	28982176	117506048
769	200	214357742	200552448	85880832	42363800	28982176	117661696
770	200	219830633	200572928	85880832	42341888	28982176	117817344
771	200	218868870	200593408	85880832	42365432	28982176	117972992
772	200	217591546	200622080	85880832	42335936	28982176	118136832
773	200	211725779	200658944	85880832	42337672	28982176	118296576
774	200	214612848	200687616	85880832	42335936	28982176	118444032
775	200	217168130	200716288	85880832	42397096	28982176	118591488
776	200	223928263	200749056	85880832	42335936	28982176	118759424
777	200	222123858	200790016	85880832	42336960	28982176	118927360
778	200	211919820	200835072	85880832	42396872	28982176	119083008
779	200	220116485	200867840	85880832	42381416	28982176	119230464
780	200	215147542	200892416	85880832	42377304	28982176	119386112
781	200	213574108	200912896	85880832	42363800	28982176	119545856
782	200	212687115	200941568	85880832	42350720	28982176	119701504
783	200	220630236	200970240	85880832	42376992	28982176	119861248
784	200	210903867	200998912	85880832	42374432	28982176	120016896
785	200	219417465	201031680	85880832	42366256	28982176	120172544
786	200	225595342	201064448	85880832	42335936	28982176	120328192
787	200	211271942	201101312	85880832	42366128	28982176	120492032
788	200	217872189	201134080	85880832	42335936	28982176	120643584
789	200	211296262	201166848	85880832	42364984	28982176	120803328
790	200	211169462	201187328	85880832	42370840	28982176	120954880
791	200	221884191	201207808	85880832	42385152	28982176	121118720
792	200	214806965	201244672	85880832	42339904	28982176	121274368
793	200	238355324	201273344	85880832	42365008	28982176	121430016
794	200	215440984	201302016	85880832	42380368	28982176	121585664
795	200	207094969	201338880	85880832	42335936	28982176	121737216
796	200	233216901	201367552	85880832	42363408	28982176	121901056
797	200	215946196	201404416	85880832	42376840	28982176	122052608
798	200	229966904	201437184	85880832	42338696	28982176	122216448
799	200	211979300	201474048	85880832	42411352	28982176	122376192
800	200	219648505	201498624	85880832	42401192	28982176	122527744
801	200	226833965	201510912	85880832	42337144	28982176	122683392
802	200	218379416	201535488	85880832	42336264	28982176	122851328
803	200	210234550	201572352	85880832	42336264	28982176	123015168
804	200	216682867	201605120	85880832	42336264	28982176	123162624
805	200	223958761	201637888	85880832	42364432	28982176	123318272
806	200	222697198	201674752	85880832	42354592	28982176	123486208
807	200	218887646	201711616	85880832	42366216	28982176	123641856
808	200	219865420	201752576	85880832	42353856	28982176	123797504
809	200	220208135	201781248	85880832	42364272	28982176	123944960
810	200	219109172	201805824	85880832	42356520	28982176	124092416
811	200	213764361	201830400	85880832	42365432	28982176	124260352
812	200	223187733	201871360	85880832	42336264	28982176	124424192
813	200	214463725	201908224	85880832	42336264	28982176	124567552
814	200	217773416	201940992	85880832	42364128	28982176	124727296
815	200	211535616	201977856	85880832	42364424	28982176	124878848
816	200	223592341	202006528	85880832	42361376	28982176	125038592
817	200	221436483	202043392	85880832	42364432	28982176	125194240
818	200	232926632	202084352	85880832	42378080	28982176	125353984
819	200	233522238	202113024	85880832	42353352	28982176	125517824
820	200	216457396	202133504	85880832	42404304	28982176	125661184
821	200	220048616	202153984	85880832	42364576	28982176	125829120
822	200	212404633	202186752	85880832	42366272	28982176	125992960
823	200	237822050	202219520	85880832	42381472	28982176	126152704
824	200	213860865	202252288	85880832	42336264	28982176	126308352
825	200	223589195	202285056	85880832	42356928	28982176	126459904
826	200	208600783	202313728	85880832	42336264	28982176	126611456
827	200	215756610	202354688	85880832	42336264	28982176	126779392
828	200	228035997	202391552	85880832	42337288	28982176	126939136
829	200	207205660	202420224	85880832	42364432	28982176	127090688
830	200	222281232	202436608	85880832	42370488	28982176	127242240
831	200	222034684	202457088	85880832	42336264	28982176	127406080
832	200	216218165	202493952	85880832	42364920	28982176	127569920
833	200	208288571	202526720	85880832	42380256	28982176	127725568
834	200	225264733	202559488	85880832	42366008	28982176	127881216
835	200	213265124	202596352	85880832	42364536	28982176	128032768
836	200	224610396	202633216	85880832	42368840	28982176	128196608
837	200	209244087	202670080	85880832	42365400	28982176	128360448
838	200	210961553	202711040	85880832	42364128	28982176	128512000
839	200	211453251	202739712	85880832	42366240	28982176	128647168
840	200	233376385	202756096	85880832	42354848	28982176	128798720
841	200	218556791	202768384	85880832	42364272	28982176	128974848
842	200	211356597	202805248	85880832	42336264	28982176	129126400
843	200	213719412	202833920	85880832	42386600	28982176	129277952
844	200	221289060	202862592	85880832	42364536	28982176	129437696
845	200	212497285	202903552	85880832	42364272	28982176	129597440
846	200	212423610	202936320	85880832	42336264	28982176	129761280
847	200	228365807	202969088	85880832	42366072	28982176	129912832
848	200	217509671	203001856	85880832	42346592	28982176	130068480
849	200	218270322	203038720	85880832	42337288	28982176	130236416
850	200	219515032	203059200	85880832	42377664	28982176	130383872
851	200	213965034	203075584	85880832	42364272	28982176	130547712
852	200	215173140	203112448	85880832	42381144	28982176	130703360
853	200	230480975	203141120	85880832	42364336	28982176	130859008
854	200	208711029	203173888	85880832	42336264	28982176	131014656
855	200	220827526	203206656	85880832	42364128	28982176	131170304
856	200	209992082	203235328	85880832	42364536	28982176	131321856
857	200	219315039	203276288	85880832	42366048	28982176	131477504
858	200	209991283	203313152	85880832	42371680	28982176	131641344
859	200	232287853	203350016	85880832	42368680	28982176	131801088
860	200	213591202	203374592	85880832	42370376	28982176	131948544
861	200	223512833	203386880	85880832	42336264	28982176	132104192
862	200	218906337	203411456	85880832	42376760	28982176	132272128
863	200	219777135	203448320	85880832	42364424	28982176	132435968
864	200	231824006	203481088	85880832	42387320	28982176	132583424
865	200	212143964	203513856	85880832	42365048	28982176	132739072
866	200	228291731	203550720	85880832	42352832	28982176	132907008
867	200	215480825	203587584	85880832	42378912	28982176	133058560
868	200	220664021	204607488	85880832	42336264	28982176	133214208
869	200	214038364	204636160	85880832	42366328	28982176	133369856
870	200	230576182	204664832	85880832	42342216	28982176	133517312
871	200	216753651	204689408	85880832	42366168	28982176	133681152
872	200	228186452	204726272	85880832	42364424	28982176	133840896
873	200	221841513	204759040	85880832	42364128	28982176	133992448
874	200	228566696	204795904	85880832	42336264	28982176	134144000
875	200	220047595	204828672	85880832	42384792	28982176	134299648
876	200	213167114	204861440	85880832	42336264	28982176	134467584
877	200	214784674	204898304	85880832	42429808	28982176	134623232
878	200	236386473	204935168	85880832	42336264	28982176	134774784
879	200	211655453	204963840	85880832	42365032	28982176	134930432
880	200	216794408	204980224	85880832	42384672	28982176	135094272
881	200	210267838	205017088	85880832	42381000	28982176	135254016
882	200	224437691	205045760	85880832	42336272	28982176	135405568
883	200	212021361	205074432	85880832	42376912	28982176	135569408
884	200	229335020	205115392	85880832	42371120	28982176	135725056
885	200	217604553	205148160	85880832	42336272	28982176	135876608
886	200	212507522	205180928	85880832	42336272	28982176	136028160
887	200	214870799	205213696	85880832	42364280	28982176	136183808
888	200	212170512	205254656	85880832	42336272	28982176	136343552
889	200	233815625	205287424	85880832	42364344	28982176	136495104
890	200	220887402	205303808	85880832	42372992	28982176	136654848
891	200	223996542	205324288	85880832	42378360	28982176	136818688
892	200	214002388	205352960	85880832	42336272	28982176	136974336
893	200	229427516	205385728	85880832	42364432	28982176	137129984
894	200	223818677	205422592	85880832	42365592	28982176	137289728
895	200	213815113	205455360	85880832	42381792	28982176	137445376
896	200	236435335	205488128	85880832	42377432	28982176	137596928
897	200	224224361	205524992	85880832	42353360	28982176	137764864
898	200	213437672	205565952	85880832	42364136	28982176	137920512
899	200	220435262	205598720	85880832	42364584	28982176	138072064
900	200	216859902	205619200	85880832	42363912	28982176	138231808
901	200	233025047	205643776	85880832	42378624	28982176	138383360
902	200	216004924	205672448	85880832	42335096	28982176	138530816
903	200	225899676	205697024	85880832	42355408	28982176	138670080
904	200	211864343	205729792	85880832	42383816	28982176	138825728
905	200	227256534	205770752	85880832	42376000	28982176	138985472
906	200	207755503	205803520	85880832	42335096	28982176	139128832
907	200	232414641	205836288	85880832	42362960	28982176	139280384
908	200	214443939	205877248	85880832	42336832	28982176	139431936
909	200	207531583	205918208	85880832	42351664	28982176	139583488
910	200	232946912	205938688	85880832	42388984	28982176	139730944
911	200	229538921	205955072	85880832	42364536	28982176	139894784
912	200	225472915	205996032	85880832	42345976	28982176	140038144
913	200	212948461	206024704	85880832	42363816	28982176	140181504
914	200	223012219	206049280	85880832	42363656	28982176	140324864
915	200	217584038	206077952	85880832	42335648	28982176	140476416
916	200	212152629	206114816	85880832	42363512	28982176	140632064
917	200	214641121	206151680	85880832	42335648	28982176	140787712
918	200	219849829	206188544	85880832	42390864	28982176	140939264
919	200	243151090	206221312	85880832	42364664	28982176	141094912
920	200	222314091	206245888	85880832	42344360	28982176	141238272
921	200	219754941	206258176	85880832	42398040	28982176	141385728
922	200	208517381	206286848	85880832	42364232	28982176	141545472
923	200	214123630	206327808	85880832	42365088	28982176	141697024
924	200	215194909	206356480	85880832	42384472	28982176	141852672
925	200	210340346	206389248	85880832	42384600	28982176	141991936
926	200	223724720	206422016	85880832	42348704	28982176	142143488
927	200	216826528	206462976	85880832	42363936	28982176	142299136
928	200	208897262	206503936	85880832	42346400	28982176	142450688
929	200	221096015	206536704	85880832	42364384	28982176	142594048
930	200	216434030	206557184	85880832	42370496	28982176	142741504
931	200	220169942	206573568	85880832	42367528	28982176	142897152
932	200	221520306	206610432	85880832	42364880	28982176	143048704
933	200	226276990	206639104	85880832	42338344	28982176	143196160
934	200	212537376	206667776	85880832	42364616	28982176	143339520
935	200	233442687	206700544	85880832	42379552	28982176	143491072
936	200	223526654	206737408	85880832	42401728	28982176	143642624
937	200	229311660	206770176	85880832	42365624	28982176	143798272
938	200	206644584	206807040	85880832	42353176	28982176	143949824
939	200	222024647	206843904	85880832	42336608	28982176	144097280
940	200	207390872	206864384	85880832	42370424	28982176	144252928
941	200	224187483	206888960	85880832	42367152	28982176	144404480
942	200	219753267	206917632	85880832	42336936	28982176	144551936
943	200	232243704	206950400	85880832	42336936	28982176	144699392
944	200	210080625	206983168	85880832	42347264	28982176	144850944
945	200	226809329	207020032	85880832	42351240	28982176	144998400
946	200	208591635	207052800	85880832	42364944	28982176	145149952
947	200	214139066	207089664	85880832	42364944	28982176	145293312
948	200	232759381	207122432	85880832	42349568	28982176	145444864
949	200	216008344	207159296	85880832	42365248	28982176	145600512
950	200	211982315	207179776	85880832	42363552	28982176	145752064
951	200	214398680	207196160	85880832	42339344	28982176	145907712
952	200	231628568	207228928	85880832	42352224	28982176	146063360
953	200	213746032	207261696	85880832	42376728	28982176	146210816
954	200	227730320	207302656	85880832	42365448	28982176	146358272
955	200	217216951	207331328	85880832	42365600	28982176	146513920
956	200	226936248	207364096	85880832	42337440	28982176	146657280
957	200	215268112	207405056	85880832	42339176	28982176	146808832
958	200	228933505	207441920	85880832	42337440	28982176	146964480
959	200	209467158	207478784	85880832	42366608	28982176	147111936
960	200	232495274	207499264	85880832	42384712	28982176	147251200
961	200	218296763	207515648	85880832	42367696	28990368	147402752
962	200	221952986	207548416	85880832	42356096	28982176	147562496
963	200	217077917	207581184	85880832	42337768	28982176	147714048
964	200	218655537	207613952	85880832	42366352	28982176	147865600
965	200	218784591	207642624	85880832	42365928	28982176	148013056
966	200	217384936	207675392	85880832	42365928	28982176	148160512
967	200	210080583	207716352	85880832	42383288	28982176	148312064
968	200	225850593	207753216	85880832	42369896	28982176	148455424
969	200	220646668	207785984	85880832	42365184	28982176	148594688
970	200	219280672	207806464	85880832	42406392	28982176	148738048
971	200	223340177	207822848	85880832	42367888	28982176	148889600
972	200	211382348	207851520	85880832	42379696	28982176	149041152
973	200	218044333	207888384	85880832	42366368	28982176	149192704
974	200	214372686	207917056	85880832	42338096	28982176	149348352
975	200	221937577	207953920	85880832	42404432	28982176	149495808
976	200	218334191	207986688	85880832	42376696	28982176	149643264
977	200	220108664	208015360	85880832	42338096	28982176	149786624
978	200	205529417	208048128	85880832	42338096	28982176	149950464
979	200	219498557	208097280	85880832	42367264	28982176	150102016
980	200	212958624	208117760	85880832	42344048	28982176	150249472
981	200	225084887	208142336	85880832	42339304	28982176	150396928
982	200	223619995	208175104	85880832	42385920	28982176	150544384
983	200	226900802	208207872	85880832	42367512	28982176	150691840
984	200	219393574	208240640	85880832	42338424	28982176	150847488
985	200	217344189	208277504	85880832	42367336	28982176	151003136
986	200	236494057	208314368	85880832	42381480	28982176	151154688
987	200	214565804	208347136	85880832	42338424	28982176	151289856
988	200	217016246	208379904	85880832	42386920	28982176	151437312
989	200	219176894	208416768	85880832	42371672	28982176	151597056
990	200	215336517	208441344	85880832	42374544	28982176	151756800
991	200	214710574	208465920	85880832	42381840	28982176	151904256
992	200	225388108	208494592	85880832	42351312	28982176	152055808
993	200	217210540	208527360	85880832	42368152	28982176	152207360
994	200	230481072	208564224	85880832	42370936	28982176	152354816
995	200	229413060	208596992	85880832	42368952	28982176	152502272
996	200	219512331	208625664	85880832	42357840	28982176	152653824
997	200	217282871	208654336	85880832	42370544	28982176	152801280
998	200	227583444	208683008	85880832	42341928	28982176	152948736
999	200	216104755	208711680	85880832	42354824	28982176	153104384
1000	200	231439908	208732160	85880832	42496128	28982176	153247744
1001	15	23599648	208752640	85880832	42432584	28982176	153247744
