block	steps	btime	rss	heapTotal	heapUsed	external	disk
1	200	264614998	173330432	90599424	42398352	29001817	180224
2	200	226674057	171864064	84832256	41995800	28980720	380928
3	200	243686183	167661568	84832256	42058232	28980720	581632
4	200	233207874	168062976	84832256	42083648	28980720	733184
5	200	226677697	168120320	84832256	42100656	28980720	888832
6	200	212440847	168206336	84832256	42152400	28980720	1052672
7	200	205331942	168239104	84832256	42127504	28980720	1212416
8	200	223148979	168316928	84832256	42180488	28980720	1359872
9	200	216018133	168345600	84832256	42191352	28980720	1511424
10	200	220196423	168374272	84832256	42219272	28980720	1654784
11	200	226173727	168435712	84832256	42256728	28980720	1806336
12	200	229397418	168472576	84832256	42284048	28980720	1961984
13	200	216935569	168538112	84832256	42263232	28980720	2117632
14	200	212017171	169078784	84832256	42265792	28980720	2277376
15	200	210005499	169181184	84832256	42265816	28980720	2437120
16	200	215767856	169201664	84832256	42322456	28980720	2592768
17	200	219022707	169234432	84832256	42334248	28980720	2740224
18	200	221636806	169299968	84832256	42322688	28980720	2895872
19	200	234331462	169349120	84832256	42383248	28980720	3039232
20	200	215830084	169377792	84832256	42372056	28980720	3190784
21	200	236786106	169418752	84832256	42427920	28980720	3338240
22	200	221301013	169472000	84832256	42451128	28980720	3502080
23	200	223423625	169545728	85094400	42491272	28980720	3645440
24	200	235635850	169594880	85094400	42549880	28980720	3792896
25	200	235295932	169656320	85094400	42570008	28980720	3944448
26	200	207891996	169693184	85094400	42538272	28980720	4091904
27	200	217500382	169750528	85094400	42557872	28980720	4243456
28	200	210393275	169934848	85094400	42579792	28980720	4395008
29	200	209702600	169967616	85094400	42599040	28980720	4542464
30	200	212547862	170000384	85094400	42617248	28980720	4694016
31	200	222930844	170033152	85094400	42612912	28980720	4841472
32	200	209263772	170061824	85094400	42624536	28980720	4993024
33	200	203971820	170098688	85094400	42614208	28980720	5144576
34	200	208843749	170127360	85094400	42600832	28980720	5300224
35	200	220314155	170164224	85094400	42615752	28980720	5439488
36	200	216540366	170196992	85094400	42590112	28980720	5591040
37	200	219252153	170233856	85094400	42625240	28980720	5746688
38	200	216385174	170283008	85094400	42597848	28980720	5906432
39	200	210935619	170323968	85094400	42651128	28980720	6049792
40	200	213843617	170360832	85094400	42646992	28980720	6193152
41	200	218576934	170373120	85094400	42615696	28980720	6344704
42	200	229424253	170438656	85094400	42614872	28980720	6500352
43	200	226151192	170475520	85094400	42670896	28980720	6656000
44	200	211184172	170508288	85094400	42619096	28980720	6799360
45	200	222335486	170536960	85094400	42615128	28980720	6946816
46	200	211537680	170569728	85094400	42615128	28980720	7094272
47	200	228130505	170606592	85094400	42615128	28980720	7249920
48	200	215298472	170639360	85094400	42625456	28980720	7397376
49	200	214200810	170668032	85094400	42645504	28980720	7532544
50	200	214396226	170708992	85094400	42684880	28980720	7680000
51	200	229422062	170749952	85094400	42646768	28980720	7839744
52	200	207272707	170795008	85094400	42677080	28980720	8003584
53	200	210901165	170827776	85094400	42658696	28980720	8155136
54	200	219352643	170864640	85094400	42672768	28980720	8306688
55	200	204445993	170897408	85094400	42659904	28980720	8454144
56	200	212218566	170954752	85094400	42631616	28980720	8601600
57	200	205755520	171270144	85094400	42648200	28988912	8757248
58	200	207459437	171315200	85094400	42678416	28980720	8912896
59	200	213936951	171352064	85094400	42678416	28980720	9056256
60	200	215086517	171372544	85094400	42655784	28980720	9199616
61	200	223447834	171397120	85094400	42682392	28980720	9359360
62	200	212616279	171433984	85094400	42650784	28980720	9506816
63	200	220132699	171462656	85094400	42650784	28980720	9650176
64	200	216653237	171491328	85094400	42702408	28980720	9801728
65	200	224005180	171524096	85094400	42650808	28980720	9945088
66	200	211389016	171556864	85094400	42650808	28980720	10084352
67	200	209296665	171593728	85094400	42679448	28980720	10231808
68	200	209545111	171634688	85094400	42665592	28980720	10383360
69	200	224038079	171671552	85094400	42650808	28980720	10530816
70	200	210393185	171839488	85094400	42685392	28980720	10678272
71	200	224506049	171851776	85094400	42655848	28980720	10829824
72	200	214678880	171880448	85094400	42670528	28980720	10985472
73	200	211937839	171925504	85094400	42684336	28980720	11128832
74	200	216209342	171958272	85094400	42681824	28980720	11284480
75	200	209359306	171991040	85094400	42674624	28980720	11436032
76	200	211516164	172027904	85094400	42681824	28980720	11587584
77	200	206593784	172060672	85094400	42683912	28980720	11730944
78	200	221160981	172093440	85094400	42689496	28980720	11878400
79	200	205750104	172130304	85094400	42684048	28980720	12034048
80	200	219783298	172154880	85094400	42671760	28980720	12189696
81	200	227639254	172171264	85094400	42670280	28980720	12328960
82	200	213990189	172199936	85094400	42684392	28980720	12476416
83	200	215154389	172228608	85094400	42655808	28980720	12627968
84	200	208979406	172269568	85094400	42655808	28980720	12787712
85	200	211043168	172314624	85094400	42700968	28980720	12939264
86	200	212682115	172343296	85094400	42685008	28980720	13086720
87	200	207577707	172376064	85094400	42655808	28980720	13230080
88	200	209376209	172412928	85094400	42690448	28980720	13381632
89	200	213062482	172449792	85094400	42686912	28980720	13533184
90	200	215171968	172470272	85094400	42692376	28980720	13684736
91	200	216939087	172494848	85094400	42685608	28980720	13840384
92	200	213311948	172527616	85094400	42658896	28980720	13991936
93	200	231419220	172560384	85094400	42658296	28980720	14139392
94	200	221474621	172593152	85094400	42687416	28980720	14286848
95	200	219836858	172625920	85094400	42659160	28980720	14438400
96	200	222205584	172654592	85094400	42698576	28980720	14589952
97	200	217383870	172683264	85094400	42688160	28980720	14733312
98	200	228199217	173019136	85094400	42662056	28980720	14884864
99	200	227026509	173051904	85094400	42660648	28980720	15036416
100	200	232434780	173068288	85094400	42784240	28980720	15179776
101	15	23443746	173121536	85094400	42768184	28980720	15179776
