block	steps	btime	rss	heapTotal	heapUsed	external	disk	kernelObjects	kernelDevices	kernelPromises	kernelPromisesMax	kpUnresolved	kpUnresolvedMax	kpFulfilledToPresence	kpFulfilledToPresenceMax	kpFulfilledToData	kpFulfilledToDataMax	kpRejected	kpRejectedMax	runQueueLength	runQueueLengthMax	syscalls	syscallSend	syscallSubscribe	syscallFulfillToData	syscallFulfillToPresence	syscallReject	syscallCallNow	dispatches	dispatchDeliver	dispatchNotifyFulfillToData	dispatchNotifyFulfillToPresence	dispatchReject	clistEntries	clistEntriesMax
1	200	228213244	175673344	96141312	70703864	29181471	225280	6	1	101	101	1	4	1	1	99	99	0	0	2	6	302	101	101	99	1	0	0	200	101	98	1	0	15	18
2	200	201980317	180060160	100073472	81038960	29181503	471040	6	1	201	201	1	4	1	1	199	199	0	0	2	6	602	201	201	199	1	0	0	400	201	198	1	0	15	18
3	200	195146205	184676352	104005632	74225856	29181503	724992	6	1	301	301	1	4	1	1	299	299	0	0	2	6	902	301	301	299	1	0	0	600	301	298	1	0	15	18
4	200	194678128	188956672	108462080	83657240	29181503	925696	6	1	401	401	1	4	1	1	399	399	0	0	2	6	1202	401	401	399	1	0	0	800	401	398	1	0	15	18
5	200	193168186	193351680	112656384	92998976	29181503	1130496	6	1	501	501	1	4	1	1	499	499	0	0	2	6	1502	501	501	499	1	0	0	1000	501	498	1	0	15	18
6	200	180690825	197586944	116850688	85480864	29181503	1310720	6	1	601	601	1	4	1	1	599	599	0	0	2	6	1802	601	601	599	1	0	0	1200	601	598	1	0	15	18
7	200	205988101	201920512	120782848	94615712	29181503	1507328	6	1	701	701	1	4	1	1	699	699	0	0	2	6	2102	701	701	699	1	0	0	1400	701	698	1	0	15	18
8	200	178579763	206372864	125239296	103731960	29181503	1699840	6	1	801	801	1	4	1	1	799	799	0	0	2	6	2402	801	801	799	1	0	0	1600	801	798	1	0	15	18
9	200	194571896	210636800	129695744	95944080	29181503	1888256	6	1	901	901	1	4	1	1	899	899	0	0	2	6	2702	901	901	899	1	0	0	1800	901	898	1	0	15	18
10	200	176504958	214872064	133890048	104889992	29181503	2072576	6	1	1001	1001	1	4	1	1	999	999	0	0	2	6	3002	1001	1001	999	1	0	0	2000	1001	998	1	0	15	18
11	200	203627522	193241088	111828992	55923208	29158008	2260992	6	1	1101	1101	1	4	1	1	1099	1099	0	0	2	6	3302	1101	1101	1099	1	0	0	2200	1101	1098	1	0	15	18
12	200	184437220	193495040	112091136	66044400	29158008	2457600	6	1	1201	1201	1	4	1	1	1199	1199	0	0	2	6	3602	1201	1201	1199	1	0	0	2400	1201	1198	1	0	15	18
13	200	184552480	195747840	114450432	60056448	29158008	2654208	6	1	1301	1301	1	4	1	1	1299	1299	0	0	2	6	3902	1301	1301	1299	1	0	0	2600	1301	1298	1	0	15	18
14	200	172151560	198066176	116547584	70197056	29158008	2846720	6	1	1401	1401	1	4	1	1	1399	1399	0	0	2	6	4202	1401	1401	1399	1	0	0	2800	1401	1398	1	0	15	18
15	200	180353189	200298496	118644736	80157992	29158008	3047424	6	1	1501	1501	1	4	1	1	1499	1499	0	0	2	6	4502	1501	1501	1499	1	0	0	3000	1501	1498	1	0	15	18
16	200	177593432	202510336	120741888	74004912	29158008	3248128	6	1	1601	1601	1	4	1	1	1599	1599	0	0	2	6	4802	1601	1601	1599	1	0	0	3200	1601	1598	1	0	15	18
17	200	181242653	204730368	122839040	83935072	29158008	3440640	6	1	1701	1701	1	4	1	1	1699	1699	0	0	2	6	5102	1701	1701	1699	1	0	0	3400	1701	1698	1	0	15	18
18	200	178689506	206966784	125198336	93951392	29158008	3633152	6	1	1801	1801	1	4	1	1	1799	1799	0	0	2	6	5402	1801	1801	1799	1	0	0	3600	1801	1798	1	0	15	18
19	200	181424330	209203200	127295488	87910312	29158008	3825664	6	1	1901	1901	1	4	1	1	1899	1899	0	0	2	6	5702	1901	1901	1899	1	0	0	3800	1901	1898	1	0	15	18
20	200	190652345	211390464	129392640	97830864	29158008	4018176	6	1	2001	2001	1	4	1	1	1999	1999	0	0	2	6	6002	2001	2001	1999	1	0	0	4000	2001	1998	1	0	15	18
21	200	206529805	213594112	131489792	107861992	29158008	4206592	6	1	2101	2101	1	4	1	1	2099	2099	0	0	2	6	6302	2101	2101	2099	1	0	0	4200	2101	2098	1	0	15	18
22	200	181332511	217468928	135684096	101739312	29158008	4407296	6	1	2201	2201	1	4	1	1	2199	2199	0	0	2	6	6602	2201	2201	2199	1	0	0	4400	2201	2198	1	0	15	18
23	200	192169004	222068736	140140544	111643864	29166200	4591616	6	1	2301	2301	1	4	1	1	2299	2299	0	0	2	6	6902	2301	2301	2299	1	0	0	4600	2301	2298	1	0	15	18
24	200	203705223	202027008	119693312	57624488	29158008	4784128	6	1	2401	2401	1	4	1	1	2399	2399	0	0	2	6	7202	2401	2401	2399	1	0	0	4800	2401	2398	1	0	15	18
25	200	175275092	202137600	119693312	67533304	29158008	4972544	6	1	2501	2501	1	4	1	1	2499	2499	0	0	2	6	7502	2501	2501	2499	1	0	0	5000	2501	2498	1	0	15	18
26	200	174331963	202182656	119693312	61390360	29158008	5156864	6	1	2601	2601	1	4	1	1	2599	2599	0	0	2	6	7802	2601	2601	2599	1	0	0	5200	2601	2598	1	0	15	18
27	200	167355435	203706368	121266176	71314728	29158008	5349376	6	1	2701	2701	1	4	1	1	2699	2699	0	0	2	6	8102	2701	2701	2699	1	0	0	5400	2701	2698	1	0	15	18
28	200	169573403	205914112	123363328	81190304	29158008	5545984	6	1	2801	2801	1	4	1	1	2799	2799	0	0	2	6	8402	2801	2801	2799	1	0	0	5600	2801	2798	1	0	15	18
29	200	180401443	208113664	125722624	75069104	29158008	5738496	6	1	2901	2901	1	4	1	1	2899	2899	0	0	2	6	8702	2901	2901	2899	1	0	0	5800	2901	2898	1	0	15	18
30	200	161769162	210300928	127819776	84984768	29158008	5918720	6	1	3001	3001	1	4	1	1	2999	2999	0	0	2	6	9002	3001	3001	2999	1	0	0	6000	3001	2998	1	0	15	18
31	200	177094371	212488192	129916928	94905728	29158008	6111232	6	1	3101	3101	1	4	1	1	3099	3099	0	0	2	6	9302	3101	3101	3099	1	0	0	6200	3101	3098	1	0	15	18
32	200	179329910	214704128	132014080	88735304	29158008	6311936	6	1	3201	3201	1	4	1	1	3199	3199	0	0	2	6	9602	3201	3201	3199	1	0	0	6400	3201	3198	1	0	15	18
33	200	162666044	216903680	134111232	98620336	29158008	6496256	6	1	3301	3301	1	4	1	1	3299	3299	0	0	2	6	9902	3301	3301	3299	1	0	0	6600	3301	3298	1	0	15	18
34	200	181389645	219123712	136470528	108500968	29158008	6688768	6	1	3401	3401	1	4	1	1	3399	3399	0	0	2	6	10202	3401	3401	3399	1	0	0	6800	3401	3398	1	0	15	18
35	200	174486734	221339648	138567680	102327440	29158008	6868992	6	1	3501	3501	1	4	1	1	3499	3499	0	0	2	6	10502	3501	3501	3499	1	0	0	7000	3501	3498	1	0	15	18
36	200	173805141	223686656	140664832	112208192	29158008	7057408	6	1	3601	3601	1	4	1	1	3599	3599	0	0	2	6	10802	3601	3601	3599	1	0	0	7200	3601	3598	1	0	15	18
37	200	172928195	227975168	144859136	122090952	29158008	7258112	6	1	3701	3701	1	4	1	1	3699	3699	0	0	2	6	11102	3701	3701	3699	1	0	0	7400	3701	3698	1	0	15	18
38	200	175376195	232587264	149839872	115922736	29158008	7454720	6	1	3801	3801	1	4	1	1	3799	3799	0	0	2	6	11402	3801	3801	3799	1	0	0	7600	3801	3798	1	0	15	18
39	200	182735860	237211648	154820608	125743240	29158008	7639040	6	1	3901	3901	1	4	1	1	3899	3899	0	0	2	6	11702	3901	3901	3899	1	0	0	7800	3901	3898	1	0	15	18
40	200	168678436	242016256	159539200	135637128	29158008	7831552	6	1	4001	4001	1	4	1	1	3999	3999	0	0	2	6	12002	4001	4001	3999	1	0	0	8000	4001	3998	1	0	15	18
41	200	181995679	246841344	163733504	145464824	29158008	8019968	6	1	4101	4101	1	4	1	1	4099	4099	0	0	2	6	12302	4101	4101	4099	1	0	0	8200	4101	4098	1	0	15	18
42	200	174528679	252518400	170291200	139793848	29158008	8224768	6	1	4201	4201	1	4	1	1	4199	4199	0	0	2	6	12602	4201	4201	4199	1	0	0	8400	4201	4198	1	0	15	18
43	200	171710428	257376256	175009792	149621960	29158008	8413184	6	1	4301	4301	1	4	1	1	4299	4299	0	0	2	6	12902	4301	4301	4299	1	0	0	8600	4301	4298	1	0	15	18
44	200	168587055	262184960	179466240	159406448	29158008	8605696	6	1	4401	4401	1	4	1	1	4399	4399	0	0	2	6	13202	4401	4401	4399	1	0	0	8800	4401	4398	1	0	15	18
45	200	185209467	267309056	184971264	153137376	29158008	8794112	6	1	4501	4501	1	4	1	1	4499	4499	0	0	2	6	13502	4501	4501	4499	1	0	0	9000	4501	4498	1	0	15	18
46	200	176933160	272130048	189427712	162899840	29158008	8978432	6	1	4601	4601	1	4	1	1	4599	4599	0	0	2	6	13802	4601	4601	4599	1	0	0	9200	4601	4598	1	0	15	18
47	200	179499598	223039488	139354112	62080680	29158008	9175040	6	1	4701	4701	1	4	1	1	4699	4699	0	0	2	6	14102	4701	4701	4699	1	0	0	9400	4701	4698	1	0	15	18
48	200	178205699	224137216	140402688	54164088	29158008	9371648	6	1	4801	4801	1	4	1	1	4799	4799	0	0	2	6	14402	4801	4801	4799	1	0	0	9600	4801	4798	1	0	15	18
49	200	177026238	226336768	142761984	62813768	29158008	9555968	6	1	4901	4901	1	4	1	1	4899	4899	0	0	2	6	14702	4901	4901	4899	1	0	0	9800	4901	4898	1	0	15	18
50	200	166869407	228630528	144859136	71460400	29158008	9740288	6	1	5001	5001	1	4	1	1	4999	4999	0	0	2	6	15002	5001	5001	4999	1	0	0	10000	5001	4998	1	0	15	18
51	200	186688857	230813696	146956288	63548656	29158008	9924608	6	1	5101	5101	1	4	1	1	5099	5099	0	0	2	6	15302	5101	5101	5099	1	0	0	10200	5101	5098	1	0	15	18
52	200	169154450	233005056	149053440	72266680	29158008	10121216	6	1	5201	5201	1	4	1	1	5199	5199	0	0	2	6	15602	5201	5201	5199	1	0	0	10400	5201	5198	1	0	15	18
53	200	163580957	235208704	151412736	80981808	29158008	10317824	6	1	5301	5301	1	4	1	1	5299	5299	0	0	2	6	15902	5301	5301	5299	1	0	0	10600	5301	5298	1	0	15	18
54	200	177846612	237400064	153509888	89633296	29158008	10514432	6	1	5401	5401	1	4	1	1	5399	5399	0	0	2	6	16202	5401	5401	5399	1	0	0	10800	5401	5398	1	0	15	18
55	200	167684444	239611904	155607040	81611832	29158008	10706944	6	1	5501	5501	1	4	1	1	5499	5499	0	0	2	6	16502	5501	5501	5499	1	0	0	11000	5501	5498	1	0	15	18
56	200	160061893	241807360	157704192	90277512	29158008	10895360	6	1	5601	5601	1	4	1	1	5599	5599	0	0	2	6	16802	5601	5601	5599	1	0	0	11200	5601	5598	1	0	15	18
57	200	181011866	244686848	159801344	98878584	29158008	11079680	6	1	5701	5701	1	4	1	1	5699	5699	0	0	2	6	17102	5701	5701	5699	1	0	0	11400	5701	5698	1	0	15	18
58	200	169843993	246890496	162160640	107498912	29158008	11280384	6	1	5801	5801	1	4	1	1	5799	5799	0	0	2	6	17402	5801	5801	5799	1	0	0	11600	5801	5798	1	0	15	18
59	200	164253289	249110528	164257792	99511224	29158008	11464704	6	1	5901	5901	1	4	1	1	5899	5899	0	0	2	6	17702	5901	5901	5899	1	0	0	11800	5901	5898	1	0	15	18
60	200	176105543	251293696	166354944	108165240	29158008	11644928	6	1	6001	6001	1	4	1	1	5999	5999	0	0	2	6	18002	6001	6001	5999	1	0	0	12000	6001	5998	1	0	15	18
61	200	174630409	253480960	168452096	116869768	29158008	11841536	6	1	6101	6101	1	4	1	1	6099	6099	0	0	2	6	18302	6101	6101	6099	1	0	0	12200	6101	6098	1	0	15	18
62	200	168102487	255680512	170811392	125534872	29158008	12029952	6	1	6201	6201	1	4	1	1	6199	6199	0	0	2	6	18602	6201	6201	6199	1	0	0	12400	6201	6198	1	0	15	18
63	200	176080902	257875968	172908544	117587168	29158008	12218368	6	1	6301	6301	1	4	1	1	6299	6299	0	0	2	6	18902	6301	6301	6299	1	0	0	12600	6301	6298	1	0	15	18
64	200	170828493	260063232	175005696	126251416	29158008	12414976	6	1	6401	6401	1	4	1	1	6399	6399	0	0	2	6	19202	6401	6401	6399	1	0	0	12800	6401	6398	1	0	15	18
65	200	173232522	262258688	177102848	134846744	29158008	12611584	6	1	6501	6501	1	4	1	1	6499	6499	0	0	2	6	19502	6501	6501	6499	1	0	0	13000	6501	6498	1	0	15	18
66	200	188712415	264458240	179200000	126766296	29158008	12795904	6	1	6601	6601	1	4	1	1	6599	6599	0	0	2	6	19802	6601	6601	6599	1	0	0	13200	6601	6598	1	0	15	18
67	200	167120016	266653696	181559296	135494144	29158008	12976128	6	1	6701	6701	1	4	1	1	6699	6699	0	0	2	6	20102	6701	6701	6699	1	0	0	13400	6701	6698	1	0	15	18
68	200	183370410	268853248	183656448	144133224	29158008	13164544	6	1	6801	6801	1	4	1	1	6799	6799	0	0	2	6	20402	6801	6801	6799	1	0	0	13600	6801	6798	1	0	15	18
69	200	177274662	271052800	185753600	152729136	29158008	13352960	6	1	6901	6901	1	4	1	1	6899	6899	0	0	2	6	20702	6901	6901	6899	1	0	0	13800	6901	6898	1	0	15	18
70	200	191073060	273240064	187850752	144661272	29158008	13537280	6	1	7001	7001	1	4	1	1	6999	6999	0	0	2	6	21002	7001	7001	6999	1	0	0	14000	7001	6998	1	0	15	18
71	200	191671332	275476480	190210048	153240024	29166200	13721600	6	1	7101	7101	1	4	1	1	7099	7099	0	0	2	6	21302	7101	7101	7099	1	0	0	14200	7101	7098	1	0	15	18
72	200	170150360	277680128	192307200	161864920	29166200	13918208	6	1	7201	7201	1	4	1	1	7199	7199	0	0	2	6	21602	7201	7201	7199	1	0	0	14400	7201	7198	1	0	15	18
73	200	175146239	279879680	194404352	170531792	29166200	14114816	6	1	7301	7301	1	4	1	1	7299	7299	0	0	2	6	21902	7301	7301	7299	1	0	0	14600	7301	7298	1	0	15	18
74	200	180981773	282071040	196501504	162525192	29166200	14307328	6	1	7401	7401	1	4	1	1	7399	7399	0	0	2	6	22202	7401	7401	7399	1	0	0	14800	7401	7398	1	0	15	18
75	200	179816929	285224960	199647232	171186808	29166200	14495744	6	1	7501	7501	1	4	1	1	7499	7499	0	0	2	6	22502	7501	7501	7499	1	0	0	15000	7501	7498	1	0	15	18
76	200	183858395	288923648	204103680	179789696	29166200	14684160	6	1	7601	7601	1	4	1	1	7599	7599	0	0	2	6	22802	7601	7601	7599	1	0	0	15200	7601	7598	1	0	15	18
77	200	197948592	228986880	143286272	56001920	29158008	14868480	6	1	7701	7701	1	4	1	1	7699	7699	0	0	2	6	23102	7701	7701	7699	1	0	0	15400	7701	7698	1	0	15	18
78	200	170459287	229031936	143286272	48065832	29158008	15056896	6	1	7801	7801	1	4	1	1	7799	7799	0	0	2	6	23402	7801	7801	7799	1	0	0	15600	7801	7798	1	0	15	18
79	200	167816013	231186432	145645568	56766392	29158008	15253504	6	1	7901	7901	1	4	1	1	7899	7899	0	0	2	6	23702	7901	7901	7899	1	0	0	15800	7901	7898	1	0	15	18
80	200	173175566	233373696	147742720	65434208	29158008	15441920	6	1	8001	8001	1	4	1	1	7999	7999	0	0	2	6	24002	8001	8001	7999	1	0	0	16000	8001	7998	1	0	15	18
81	200	174734257	235560960	149839872	74107696	29158008	15634432	6	1	8101	8101	1	4	1	1	8099	8099	0	0	2	6	24302	8101	8101	8099	1	0	0	16200	8101	8098	1	0	15	18
82	200	173500316	237760512	151937024	66133216	29158008	15814656	6	1	8201	8201	1	4	1	1	8199	8199	0	0	2	6	24602	8201	8201	8199	1	0	0	16400	8201	8198	1	0	15	18
83	200	173358607	239951872	154034176	74863744	29158008	16003072	6	1	8301	8301	1	4	1	1	8299	8299	0	0	2	6	24902	8301	8301	8299	1	0	0	16600	8301	8298	1	0	15	18
84	200	166231320	242147328	156393472	83529600	29158008	16199680	6	1	8401	8401	1	4	1	1	8399	8399	0	0	2	6	25202	8401	8401	8399	1	0	0	16800	8401	8398	1	0	15	18
85	200	165818762	244346880	158490624	92259272	29158008	16396288	6	1	8501	8501	1	4	1	1	8499	8499	0	0	2	6	25502	8501	8501	8499	1	0	0	17000	8501	8498	1	0	15	18
86	200	167524160	246546432	160587776	84289432	29158008	16584704	6	1	8601	8601	1	4	1	1	8599	8599	0	0	2	6	25802	8601	8601	8599	1	0	0	17200	8601	8598	1	0	15	18
87	200	179003683	248737792	162684928	92988904	29158008	16769024	6	1	8701	8701	1	4	1	1	8699	8699	0	0	2	6	26102	8701	8701	8699	1	0	0	17400	8701	8698	1	0	15	18
88	200	173169484	250941440	165044224	101684976	29158008	16957440	6	1	8801	8801	1	4	1	1	8799	8799	0	0	2	6	26402	8801	8801	8799	1	0	0	17600	8801	8798	1	0	15	18
89	200	196720932	253140992	167141376	93740320	29158008	17158144	6	1	8901	8901	1	4	1	1	8899	8899	0	0	2	6	26702	8901	8901	8899	1	0	0	17800	8901	8898	1	0	15	18
90	200	164422754	255328256	169238528	102404240	29158008	17354752	6	1	9001	9001	1	4	1	1	8999	8999	0	0	2	6	27002	9001	9001	8999	1	0	0	18000	9001	8998	1	0	15	18
91	200	171063853	257511424	171335680	111110824	29158008	17539072	6	1	9101	9101	1	4	1	1	9099	9099	0	0	2	6	27302	9101	9101	9099	1	0	0	18200	9101	9098	1	0	15	18
92	200	179355998	259706880	173432832	119811576	29158008	17735680	6	1	9201	9201	1	4	1	1	9199	9199	0	0	2	6	27602	9201	9201	9199	1	0	0	18400	9201	9198	1	0	15	18
93	200	191664542	261906432	175792128	111836424	29158008	17928192	6	1	9301	9301	1	4	1	1	9299	9299	0	0	2	6	27902	9301	9301	9299	1	0	0	18600	9301	9298	1	0	15	18
94	200	183048716	264097792	177889280	120503904	29158008	18116608	6	1	9401	9401	1	4	1	1	9399	9399	0	0	2	6	28202	9401	9401	9399	1	0	0	18800	9401	9398	1	0	15	18
95	200	171268532	266289152	179986432	129204264	29158008	18300928	6	1	9501	9501	1	4	1	1	9499	9499	0	0	2	6	28502	9501	9501	9499	1	0	0	19000	9501	9498	1	0	15	18
96	200	173940015	268488704	182083584	137902816	29158008	18493440	6	1	9601	9601	1	4	1	1	9599	9599	0	0	2	6	28802	9601	9601	9599	1	0	0	19200	9601	9598	1	0	15	18
97	200	176624052	270688256	184180736	129925296	29158008	18681856	6	1	9701	9701	1	4	1	1	9699	9699	0	0	2	6	29102	9701	9701	9699	1	0	0	19400	9701	9698	1	0	15	18
98	200	174645935	272883712	186540032	138563072	29158008	18874368	6	1	9801	9801	1	4	1	1	9799	9799	0	0	2	6	29402	9801	9801	9799	1	0	0	19600	9801	9798	1	0	15	18
99	200	174237681	275075072	188637184	147292936	29158008	19058688	6	1	9901	9901	1	4	1	1	9899	9899	0	0	2	6	29702	9901	9901	9899	1	0	0	19800	9901	9898	1	0	15	18
100	200	206322956	231542784	144859136	60873816	29158008	19230720	6	1	10001	10001	1	4	1	1	9999	9999	0	0	2	6	30002	10001	10001	9999	1	0	0	20000	10001	9998	1	0	15	18
101	15	18184088	231567360	144859136	47774040	29158008	19230720	6	1	10007	10007	0	4	1	1	10006	10006	0	0	0	6	30021	10007	10007	10006	1	0	0	20015	10008	10006	1	0	13	18
