block	steps	btime	rss	heapTotal	heapUsed	external	disk
1	200	250273176	176984064	95756288	76060368	29005639	180224
2	200	228298495	182059008	99950592	76695392	29005671	380928
3	200	226951508	187179008	104931328	77139560	29005671	581632
4	200	219885967	192155648	109912064	77142144	29005671	733184
5	200	220113457	197177344	114630656	93728920	29005671	888832
6	200	215772643	202334208	119873536	93436648	29005671	1052672
7	200	215106333	207257600	124854272	92910144	29005671	1212416
8	200	206592550	212262912	129572864	109070872	29005671	1359872
9	200	228500350	217202688	134553600	108433432	29005671	1511424
10	200	207218964	222142464	139534336	107789768	29005671	1654784
11	200	205490876	227196928	144515072	123938792	29005671	1806336
12	200	210162309	232136704	149233664	123228552	29005671	1961984
13	200	218836875	201498624	118386688	57542936	28982176	2117632
14	200	216197719	202985472	119697408	56872808	28982176	2277376
15	200	193886535	205729792	122056704	56036544	28982176	2437120
16	200	193219091	208248832	124678144	71963280	28982176	2592768
17	200	202696348	210776064	127037440	71156664	28982176	2740224
18	200	214346144	213286912	129658880	87061808	28982176	2895872
19	200	206203925	215826432	132018176	86289264	28982176	3039232
20	200	202624059	218345472	134639616	85434232	28982176	3190784
21	200	195202115	220872704	136998912	101307200	28982176	3338240
22	200	206138662	223391744	139620352	100414112	28982176	3502080
23	200	199562062	225939456	141979648	99563488	28982176	3645440
24	200	202405871	228474880	144601088	115303000	28982176	3792896
25	200	199871371	231018496	146960384	114297360	28982176	3944448
26	200	201267876	233562112	149581824	113389776	28982176	4091904
27	200	202011282	236163072	151941120	129168504	28982176	4243456
28	200	203251302	239026176	154824704	128245760	28982176	4395008
29	200	203558560	243478528	159281152	127400312	28982176	4542464
30	200	204476706	248381440	164261888	143209712	28982176	4694016
31	200	203145763	253284352	168980480	142273480	28982176	4841472
32	200	205439520	258195456	173961216	141310824	28982176	4993024
33	200	195651153	263102464	178679808	157055896	28982176	5144576
34	200	197888819	268001280	183660544	156112160	28982176	5300224
35	200	202001692	272920576	188641280	155183144	28982176	5439488
36	200	198375307	277819392	193359872	170975616	28982176	5591040
37	200	210977324	282750976	198078464	170062328	28982176	5746688
38	200	216118551	287657984	203321344	169056856	28982176	5906432
39	200	231770103	228929536	144076800	51082376	28982176	6049792
40	200	191003698	228958208	144076800	50131448	28982176	6193152
41	200	185879715	231395328	146698240	65909176	28982176	6340608
42	200	207055766	233914368	149057536	64931504	28982176	6500352
43	200	192869648	236441600	151678976	63978648	28982176	6651904
44	200	182422518	238985216	154038272	79747080	28982176	6795264
45	200	198191260	241508352	156659712	78756936	28982176	6942720
46	200	194239450	244031488	159019008	94503472	28982176	7090176
47	200	196888706	246558720	161640448	93486312	28982176	7245824
48	200	192753427	249081856	163999744	92520616	28982176	7393280
49	200	207755651	251600896	166621184	108279040	28982176	7528448
50	200	186095361	254107648	168980480	107302344	28982176	7675904
51	200	196287649	256638976	171601920	106342768	28982176	7835648
52	200	186539713	259166208	173961216	122131392	28982176	7999488
53	200	195462685	261689344	176582656	121161104	28982176	8151040
54	200	186996172	264216576	178941952	120194680	28982176	8302592
55	200	188768364	266739712	181563392	135954760	28982176	8450048
56	200	193820752	269262848	183922688	135021688	28982176	8597504
57	200	203589479	271794176	186544128	134057040	28990368	8753152
58	200	200970579	274333696	188903424	149905760	28990368	8908800
59	200	205133546	276869120	191524864	148984840	28990368	9052160
60	200	191826884	279384064	193884160	148029064	28990368	9195520
61	200	192749715	281903104	196505600	163871768	28990368	9355264
62	200	189902573	284446720	198864896	162940376	28990368	9502720
63	200	194405204	286969856	201486336	162025824	28990368	9646080
64	200	190727303	289533952	203845632	177836944	28990368	9797632
65	200	201717703	292057088	206467072	176893352	28990368	9940992
66	200	215583255	230346752	144601088	46905728	28982176	10080256
67	200	197825934	230977536	145387520	62666192	28982176	10227712
68	200	184873845	233504768	147746816	61673968	28982176	10379264
69	200	220933266	236032000	150368256	60695664	28982176	10526720
70	200	195259863	238542848	152727552	76472216	28982176	10674176
71	200	202861423	241045504	155348992	75504472	28982176	10825728
72	200	200466876	243564544	157708288	74499520	28982176	10981376
73	200	205543600	246108160	160329728	90286216	28982176	11124736
74	200	201395078	248631296	162689024	89274856	28982176	11280384
75	200	191100693	251154432	165310464	88363560	28982176	11431936
76	200	204254226	253681664	167669760	104184640	28982176	11583488
77	200	201882133	256204800	170291200	103183328	28982176	11726848
78	200	196819201	258727936	172650496	118949400	28982176	11874304
79	200	193154930	261255168	175271936	117968568	28982176	12029952
80	200	194336691	263770112	177631232	116963424	28982176	12185600
81	200	193705988	266280960	180252672	132724440	28982176	12324864
82	200	199114541	268800000	182611968	131763672	28982176	12472320
83	200	200759862	271319040	185233408	130799832	28982176	12623872
84	200	204086876	273850368	187592704	146536656	28982176	12783616
85	200	185798618	276381696	190214144	145638768	28982176	12935168
86	200	196986115	278900736	192573440	144655440	28982176	13082624
87	200	200567637	281423872	195194880	160379760	28982176	13225984
88	200	208291214	283955200	197554176	159371464	28982176	13377536
89	200	192899614	286486528	200175616	158405728	28982176	13529088
90	200	197875037	288997376	202534912	174161984	28982176	13680640
91	200	184584579	291586048	205156352	173209504	28982176	13836288
92	200	209271791	231239680	144601088	50390448	28982176	13987840
93	200	194245669	231272448	144601088	49421648	28982176	14135296
94	200	182853945	233795584	147222528	65196080	28982176	14282752
95	200	202021874	236318720	149581824	64277448	28982176	14434304
96	200	197579937	238837760	152203264	63325872	28982176	14585856
97	200	190351430	241356800	154562560	79097232	28982176	14729216
98	200	195185079	243875840	157184000	78177072	28982176	14880768
99	200	194046151	246398976	159805440	77204064	28982176	15032320
100	200	191438798	248905728	162164736	93068360	28982176	15175680
101	200	209449686	251420672	164786176	92296672	28982176	15319040
102	200	201128305	253939712	167145472	91403080	28982176	15482880
103	200	196207331	256466944	169766912	107209904	28982176	15638528
104	200	209575572	258990080	172126208	106300976	28982176	15798272
105	200	224554339	261525504	174747648	105403832	28982176	15949824
106	200	205361709	264044544	177106944	121234048	28982176	16109568
107	200	205254861	266571776	179728384	120313104	28982176	16257024
108	200	219095707	269094912	182087680	136210976	28982176	16416768
109	200	204506636	271618048	184709120	135314576	28982176	16560128
110	200	214695195	274128896	187068416	134421568	28982176	16703488
111	200	222032339	276652032	189689856	150226800	28982176	16867328
112	200	204676038	279179264	192049152	149331728	28982176	17018880
113	200	210627989	281710592	194670592	148460176	28982176	17162240
114	200	197982935	284237824	197029888	164268400	28982176	17313792
115	200	212016621	286760960	199651328	163375120	28982176	17469440
116	200	210837686	289288192	202010624	162467696	28982176	17612800
117	200	209998525	291815424	204632064	178304160	28982176	17760256
118	200	221095029	232595456	145125376	53356832	28982176	17911808
119	200	192942070	233918464	146436096	54205920	28982176	18067456
120	200	196409149	236437504	149057536	71199072	28982176	18210816
121	200	204647043	238944256	151416832	72100344	28982176	18358272
122	200	194713655	241471488	154038272	72935528	28982176	18518016
123	200	210903881	244002816	156397568	73794304	28982176	18673664
124	200	200990397	246521856	159019008	90712368	28982176	18817024
125	200	207797625	249044992	161378304	91573736	28982176	18960384
126	200	214061347	251568128	163999744	92482520	28982176	19124224
127	200	201302432	254099456	166359040	109475504	28982176	19271680
128	200	191014370	256634880	168980480	110351720	28982176	19419136
129	200	190122095	259162112	171339776	111283200	28982176	19570688
130	200	211025530	261677056	173961216	128297416	28982176	19714048
131	200	203517432	264200192	176320512	129152072	28982176	19865600
132	200	224584638	266727424	178941952	129929032	28982176	20021248
133	200	198748533	269250560	181301248	130766928	28982176	20172800
134	200	208454324	271777792	183922688	147791440	28982176	20316160
135	200	224225993	274984960	186810368	149141712	28982176	20467712
136	200	205391478	277524480	189431808	150021288	28982176	20623360
137	200	196580495	280047616	191791104	167047832	28982176	20762624
138	200	197783813	282578944	194412544	167912576	28982176	20901888
139	200	215640727	234348544	146173952	42703824	28982176	21061632
140	200	231917308	234381312	146173952	58712504	28982176	21209088
141	200	206449984	236515328	148533248	57966240	28982176	21364736
142	200	205366360	239038464	150892544	57309672	28982176	21508096
143	200	196561093	241565696	153513984	73310240	28982176	21663744
144	200	209264448	244092928	155873280	72523152	28982176	21811200
145	200	206092003	246616064	158494720	71741784	28982176	21958656
146	200	215991961	249139200	160854016	87646176	28982176	22110208
147	200	214211046	251666432	163475456	86897104	28982176	22261760
148	200	209727584	254193664	165834752	86211488	28982176	22413312
149	200	220358290	256716800	168456192	102180264	28982176	22560768
150	200	213272724	259223552	170815488	101550272	28982176	22716416
151	200	209085753	261750784	173436928	100886752	28982176	22867968
152	200	218072800	264269824	175796224	116794968	28982176	23023616
153	200	230749051	266792960	178417664	116087248	28982176	23166976
154	200	223450222	269320192	180776960	115330576	28982176	23322624
155	200	203800838	271847424	183398400	131260008	28982176	23474176
156	200	220112755	274366464	185757696	130666336	28982176	23613440
157	200	208816317	276893696	188379136	129905808	28982176	23769088
158	200	201925036	279429120	190738432	145849880	28982176	23924736
159	200	212912645	281956352	193359872	145098656	28982176	24072192
160	200	194529397	284475392	195719168	144312960	28982176	24215552
161	200	195997965	286978048	198340608	160348504	28982176	24371200
162	200	200671104	289505280	200699904	159660424	28982176	24522752
163	200	208862096	292028416	203321344	159002200	28982176	24674304
164	200	209063918	232439808	143290368	44664608	28982176	24829952
165	200	203810605	233037824	144076800	60641760	28982176	24973312
166	200	212375396	235569152	146436096	59853368	28990368	25124864
167	200	199682810	238096384	149057536	59063176	28990368	25276416
168	200	210157602	240623616	151416832	74933064	28990368	25432064
169	200	203778915	243150848	154038272	74243328	28990368	25579520
170	200	214187206	245661696	156397568	73482480	28990368	25722880
171	200	200165889	248172544	159019008	89346624	28990368	25878528
172	200	201130184	250699776	161378304	88658656	28990368	26034176
173	200	209284484	253222912	163999744	88000456	28990368	26173440
174	200	194021789	255746048	166359040	103963984	28990368	26320896
175	200	195920322	258273280	168980480	103200480	28990368	26472448
176	200	214729483	260796416	171339776	102410640	28990368	26624000
177	200	195849638	263323648	173961216	118379016	28990368	26775552
178	200	210748075	265850880	176320512	117651024	28990368	26931200
179	200	194974268	268910592	179470336	117485528	28990368	27082752
180	200	201730928	271425536	181829632	133511280	28990368	27226112
181	200	211309448	273932288	184451072	132849232	28990368	27377664
182	200	204108208	276455424	186810368	132059480	28990368	27533312
183	200	198470550	278986752	189431808	148076400	28990368	27688960
184	200	200851681	281509888	191791104	147350224	28990368	27832320
185	200	202596523	284028928	194412544	146527312	28990368	27979776
186	200	200762391	286552064	196771840	162401760	28990368	28127232
187	200	203647398	289083392	199393280	161642552	28990368	28282880
188	200	205221244	291606528	201752576	160863992	28990368	28434432
189	200	215507197	233250816	143290368	52944952	28982176	28581888
190	200	210045154	235106304	145125376	52222616	28982176	28729344
191	200	209616702	237629440	147746816	68099552	28982176	28884992
192	200	214135406	240148480	150368256	67410920	28982176	29044736
193	200	208733217	242671616	152727552	66647688	28982176	29192192
194	200	191374292	245202944	155348992	82611576	28982176	29339648
195	200	197089224	247726080	157708288	81796240	28982176	29487104
196	200	210215322	250245120	160329728	81135672	28982176	29638656
197	200	210215474	252772352	162689024	97033664	28982176	29790208
198	200	207920553	255303680	165310464	96211104	28982176	29937664
199	200	219333563	257826816	167669760	95369432	28982176	30085120
200	200	202118192	260337664	170291200	111273304	28982176	30236672
201	200	211677355	262844416	172650496	110578336	28982176	30388224
202	200	205537328	265367552	175271936	109818568	28982176	30535680
203	200	188630982	267882496	177631232	125726536	28982176	30687232
204	200	201003032	270409728	180252672	124969080	28982176	30834688
205	200	200848259	272941056	182611968	124218376	28982176	30986240
206	200	204547109	275464192	185233408	140118040	28982176	31137792
207	200	199706477	277991424	187592704	139434016	28982176	31289344
208	200	206078835	280510464	190214144	138682016	28982176	31436800
209	200	215162963	231919616	141455360	42069312	28982176	31584256
210	200	210871063	232054784	141455360	57971160	28982176	31731712
211	200	200751738	234168320	143552512	57241064	28982176	31891456
212	200	212413217	236699648	146173952	56545600	28982176	32038912
213	200	193457937	239218688	148533248	72512320	28982176	32186368
214	200	196651598	241745920	151154688	71751568	28982176	32329728
215	200	209077439	244264960	153513984	70957800	28982176	32485376
216	200	212899567	246788096	156135424	86890520	28982176	32632832
217	200	186295695	249315328	158494720	86164432	28982176	32788480
218	200	189194384	251846656	161116160	85434024	28982176	32940032
219	200	203671767	254369792	163475456	101336952	28982176	33091584
220	200	205923668	256888832	166096896	100673520	28982176	33234944
221	200	204869097	259391488	168456192	100010272	28982176	33386496
222	200	205112139	261910528	171077632	115845392	28982176	33542144
223	200	191920691	264437760	173436928	115150288	28982176	33693696
224	200	202813156	266956800	176058368	114389512	28982176	33849344
225	200	199028323	269479936	178417664	130385312	28982176	33988608
226	200	190251928	272003072	181039104	129720224	28982176	34144256
227	200	205677974	274534400	183398400	129061072	28982176	34295808
228	200	193516181	277065728	186019840	145027776	28982176	34451456
229	200	204883072	279592960	188379136	144234080	28982176	34594816
230	200	209945924	230854656	139620352	47968192	28982176	34742272
231	200	188763885	231878656	140668928	47310096	28982176	34893824
232	200	203614576	234401792	143290368	63176664	28982176	35049472
233	200	203832782	236924928	145649664	62479992	28982176	35196928
234	200	200097195	239443968	148271104	78410256	28982176	35340288
235	200	204449323	241967104	150630400	77682048	28982176	35491840
236	200	202822895	244498432	153251840	76962640	28982176	35643392
237	200	204492348	247021568	155611136	92892480	28982176	35799040
238	200	209453775	249544704	158232576	92230160	28982176	35946496
239	200	207208182	252063744	160591872	91597824	28982176	36093952
240	200	210884527	254574592	163213312	107561952	28982176	36249600
241	200	208388128	257089536	165572608	106897128	28982176	36405248
242	200	217857992	259612672	168194048	106041648	28982176	36552704
243	200	215105353	262131712	170553344	121941456	28982176	36687872
244	200	205764337	264663040	173174784	121089304	28982176	36843520
245	200	222440458	267186176	175534080	120359680	28982176	37003264
246	200	211364783	269713408	178155520	136225016	28982176	37142528
247	200	212749109	272236544	180514816	135566328	28982176	37289984
248	200	205303011	274767872	183136256	134746032	28982176	37445632
249	200	207099265	277299200	185495552	150613288	28982176	37597184
250	200	203085338	279810048	188116992	149918520	28982176	37744640
251	200	212556224	231231488	139358208	53322968	28982176	37896192
252	200	193536768	231424000	139620352	52600488	28982176	38051840
253	200	206934028	233951232	142241792	51870104	28982176	38199296
254	200	206207880	236478464	144601088	67834936	28982176	38354944
255	200	204866629	239005696	147222528	67072696	28982176	38502400
256	200	216101952	241528832	149581824	66348536	28982176	38649856
257	200	204048489	244060160	152203264	82212992	28982176	38797312
258	200	216578209	246587392	154562560	81453336	28982176	38952960
259	200	210186718	249114624	157184000	80626160	28982176	39104512
260	200	200282111	251629568	159543296	96557560	28982176	39247872
261	200	208041078	254132224	162164736	95667720	28982176	39395328
262	200	205633583	256655360	164524032	95039152	28982176	39550976
263	200	184664477	259182592	167145472	111065976	28982176	39710720
264	200	196755591	261709824	169504768	110306392	28982176	39854080
265	200	212236602	264228864	172126208	109546352	28982176	39997440
266	200	201551804	266756096	174485504	125545736	28982176	40148992
267	200	190344599	269283328	177106944	124819104	28982176	40308736
268	200	189072116	271810560	179466240	124063184	28982176	40460288
269	200	217509356	227364864	134901760	58416664	28982176	40611840
270	200	194640681	228655104	136212480	57662712	28982176	40767488
271	200	186937595	231170048	138833920	56970016	28982176	40931328
272	200	199370534	233693184	141193216	72966960	28982176	41086976
273	200	189964175	236212224	143814656	72206368	28982176	41230336
274	200	205102053	238731264	146173952	71351304	28990368	41377792
275	200	199124445	241262592	148795392	87187640	28990368	41529344
276	200	201844771	243789824	151154688	86490824	28990368	41684992
277	200	200449078	246321152	153776128	85795184	28990368	41836544
278	200	206268096	248844288	156135424	101824080	28990368	41979904
279	200	210038445	251363328	158756864	100999176	28990368	42119168
280	200	205515553	253874176	161116160	100336608	28990368	42274816
281	200	216313364	256385024	163737600	116203888	28990368	42430464
282	200	214422030	258899968	166096896	115509472	28990368	42577920
283	200	204123931	261423104	168718336	114750776	28990368	42717184
284	200	198510637	263946240	171077632	130715768	28990368	42872832
285	200	186715330	266481664	173699072	130050696	28990368	43028480
286	200	224224930	269004800	176058368	129260280	28990368	43184128
287	200	201496093	271527936	178679808	145197240	28990368	43323392
288	200	189658431	274055168	181039104	144405400	28990368	43474944
289	200	194109097	276582400	183660544	143679904	28990368	43630592
290	200	194351805	279089152	186019840	159579240	28990368	43778048
291	200	207509604	281595904	188641280	158790000	28990368	43933696
292	200	205609664	284606464	191524864	157972560	28990368	44089344
293	200	218740752	228937728	135950336	45210600	28982176	44236800
294	200	192785502	230416384	137523200	61211904	28982176	44384256
295	200	188067335	232935424	139882496	60453392	28982176	44539904
296	200	217796129	235458560	142503936	59690896	28982176	44679168
297	200	209917244	237985792	144863232	75687952	28982176	44834816
298	200	204225924	240521216	147484672	74893544	28982176	44986368
299	200	207066854	243044352	149843968	74130704	28982176	45137920
300	200	199834518	245555200	152465408	90091632	28982176	45281280
301	200	208311172	248061952	154824704	89412328	28982176	45432832
302	200	196476064	250585088	157446144	88718368	28982176	45588480
303	200	209723519	253108224	159805440	104539472	28982176	45731840
304	200	203336331	255635456	162426880	103713704	28982176	45887488
305	200	207070337	258162688	165048320	102951080	28982176	46034944
306	200	199777320	260685824	167407616	118882808	28982176	46186496
307	200	210232209	263217152	170029056	118122256	28982176	46338048
308	200	226149030	265740288	172388352	117264424	28982176	46489600
309	200	208945117	268263424	175009792	133261136	28982176	46637056
310	200	208947709	270778368	177369088	132505368	28982176	46780416
311	200	229477418	273293312	179990528	131714392	28982176	46931968
312	200	205243676	275812352	182349824	147614848	28982176	47091712
313	200	214895769	278343680	184971264	146790328	28982176	47235072
314	200	216559337	280862720	187330560	145998272	28982176	47382528
315	200	200689598	283598848	189952000	161927600	28982176	47534080
316	200	208820313	286126080	192311296	161170168	28982176	47685632
317	200	247265163	231231488	137261056	48146424	28982176	47833088
318	200	221312060	231264256	137261056	47390600	28982176	47984640
319	200	200407591	233680896	139882496	63320264	28982176	48132096
320	200	202338840	236195840	142241792	62527168	28982176	48275456
321	200	206005948	238706688	144863232	61895064	28982176	48427008
322	200	211112561	241225728	147222528	77891392	28982176	48578560
323	200	208114604	243748864	149843968	77033656	28982176	48721920
324	200	205653746	246276096	152203264	76175488	28982176	48873472
325	200	211028920	248803328	154824704	92136904	28982176	49029120
326	200	202858944	251330560	157184000	91440000	28982176	49176576
327	200	210054046	253853696	159805440	90675056	28982176	49324032
328	200	190094504	256372736	162164736	106641696	28982176	49471488
329	200	192853885	258895872	164786176	105948808	28982176	49618944
330	200	219395705	261410816	167145472	105153760	28982176	49770496
331	200	203868906	263921664	169766912	121052352	28982176	49926144
332	200	211034004	266440704	172126208	120226448	28982176	50077696
333	200	195691506	268963840	174747648	119431408	28982176	50221056
334	200	210087401	227028992	132542464	51130336	28982176	50380800
335	200	192130117	228806656	134377472	50506208	28982176	50532352
336	200	195942853	231329792	136998912	66406208	28982176	50683904
337	200	194608180	233857024	139358208	65649184	28982176	50827264
338	200	194477037	236392448	141979648	64921728	28982176	50978816
339	200	198898269	238919680	144338944	80854176	28982176	51130368
340	200	197764080	241430528	146960384	80095608	28982176	51281920
341	200	213529906	243937280	149319680	79273488	28982176	51433472
342	200	190817235	246460416	151941120	95268288	28982176	51580928
343	200	198998804	248979456	154300416	94505992	28982176	51728384
344	200	197056436	251502592	156921856	93715128	28982176	51879936
345	200	184802068	254029824	159281152	109613720	28982176	52035584
346	200	196069771	256557056	161902592	108886600	28982176	52187136
347	200	193395776	259080192	164261888	108192064	28982176	52338688
348	200	188642874	261615616	166883328	124219392	28982176	52490240
349	200	199368774	264138752	169242624	123465264	28982176	52637696
350	200	197663467	266649600	171864064	122742480	28982176	52776960
351	200	207181222	225476608	130445312	57354032	28982176	52924416
352	200	192581850	225882112	130969600	56632688	28982176	53084160
353	200	194383560	228413440	133328896	55903256	28982176	53235712
354	200	196573862	230932480	135950336	71833928	28982176	53387264
355	200	183372106	233455616	138309632	71075976	28982176	53526528
356	200	200054844	235978752	140931072	70313384	28982176	53686272
357	200	201289843	238505984	143290368	86213608	28982176	53833728
358	200	194248808	241033216	145911808	85549576	28982176	53985280
359	200	194145017	243560448	148271104	84859360	28982176	54136832
360	200	194098418	246071296	150892544	100791632	28982176	54276096
361	200	193460732	248582144	153251840	100028808	28982176	54431744
362	200	209890037	251101184	155873280	99333480	28982176	54583296
363	200	205285513	253620224	158232576	115262624	28982176	54734848
364	200	192208480	256143360	160854016	114438736	28982176	54878208
365	200	201959384	258666496	163213312	113710792	28982176	55029760
366	200	195026855	261193728	165834752	129642752	28982176	55177216
367	200	190862554	263720960	168194048	128945448	28982176	55332864
368	200	217961292	266244096	170815488	128215392	28982176	55480320
369	200	190377085	268763136	173174784	144145504	28982176	55627776
370	200	200186183	271273984	175796224	143354128	28982176	55779328
371	200	210798858	273784832	178155520	142564928	28982176	55934976
372	200	199572437	276303872	180776960	158496784	28982176	56094720
373	200	195535811	280141824	184446976	157703456	28982176	56233984
374	200	209454500	284487680	188903424	157008168	28982176	56389632
375	200	210113644	288968704	193359872	172948200	28982176	56541184
376	200	206471975	232521728	136740864	44685088	28982176	56696832
377	200	198709396	233947136	138313728	60566792	28982176	56840192
378	200	191596514	236470272	140673024	59934504	28982176	56991744
379	200	206107036	238997504	143294464	59238416	28982176	57135104
380	200	203156654	241504256	145653760	75167840	28982176	57286656
381	200	198914990	244015104	148275200	74441152	28990368	57446400
382	200	201510470	246534144	150634496	73750320	28990368	57597952
383	200	184957321	249057280	153255936	89750648	28990368	57737216
384	200	193399398	251580416	155615232	89008040	28990368	57888768
385	200	209047808	254107648	158236672	88355168	28990368	58048512
386	200	189721009	256630784	160595968	104255240	28990368	58195968
387	200	194392863	259153920	163217408	103559816	28990368	58343424
388	200	200265281	261685248	165576704	102927328	28990368	58490880
389	200	204142019	264208384	168198144	118862200	28990368	58646528
390	200	186859465	266719232	170557440	118112008	28990368	58785792
391	200	194061311	269221888	173178880	117459360	28990368	58941440
392	200	190781589	271745024	175538176	133391936	28990368	59097088
393	200	194894944	274268160	178159616	132759880	28990368	59248640
394	200	185787401	276799488	180518912	132124080	28990368	59400192
395	200	199230435	279322624	183140352	148089808	28990368	59547648
396	200	198699308	281841664	185499648	147305640	28990368	59691008
397	200	192369573	284377088	188121088	146577224	28990368	59842560
398	200	193771235	286949376	190480384	162543008	28990368	59998208
399	200	195338423	289480704	193101824	161817576	28990368	60145664
400	200	220057579	234020864	137523200	50007216	28982176	60293120
401	200	197382202	234037248	137523200	49370248	28982176	60444672
402	200	184199682	236556288	140144640	65333016	28982176	60600320
403	200	210007182	239079424	142503936	64569640	28982176	60747776
404	200	207010001	241598464	145125376	63843648	28982176	60891136
405	200	202751132	244125696	147484672	79843384	28982176	61042688
406	200	207240425	246652928	150106112	79047928	28982176	61190144
407	200	196785404	249176064	152465408	78236672	28982176	61345792
408	200	195854415	251707392	155086848	94233192	28982176	61493248
409	200	203129049	254234624	157446144	93504472	28982176	61648896
410	200	209936847	256749568	160067584	92778176	28982176	61796352
411	200	210075662	259264512	162426880	108623224	28982176	61952000
412	200	206753412	261791744	165048320	107958824	28982176	62095360
413	200	210590363	264310784	167407616	107293440	28982176	62246912
414	200	205034524	266829824	170029056	123227568	28982176	62390272
415	200	196371209	269348864	172388352	122516224	28982176	62537728
416	200	186129580	271872000	175009792	121740928	28982176	62697472
417	200	194458716	274403328	177631232	137643408	28982176	62857216
418	200	200215992	276926464	179990528	136883704	28982176	63012864
419	200	200980598	279445504	182611968	136127552	28982176	63156224
420	200	197792263	281952256	184971264	152061536	28982176	63303680
421	200	198881622	284459008	187592704	151306072	28982176	63447040
422	200	190979421	286978048	189952000	150575432	28982176	63606784
423	200	207384837	289583104	192573440	166510544	28982176	63754240
424	200	208100349	292106240	194932736	165852432	28982176	63905792
425	200	221369447	235044864	137785344	51095768	28982176	64057344
426	200	205469137	236232704	139096064	50376312	28982176	64204800
427	200	195274412	238759936	141455360	66275304	28982176	64360448
428	200	193963368	241295360	144076800	65546904	28982176	64512000
429	200	201739840	243818496	146436096	64786424	28982176	64659456
430	200	201668814	246333440	149057536	80719688	28982176	64802816
431	200	202263876	248836096	151416832	79889400	28982176	64958464
432	200	211773720	251363328	154038272	79099880	28982176	65110016
433	200	196180882	253882368	156397568	94968192	28982176	65257472
434	200	192489006	256409600	159019008	94112512	28982176	65404928
435	200	232550523	258940928	161378304	93422280	28982176	65564672
436	200	189950138	261472256	163999744	109389952	28982176	65712128
437	200	201697749	264011776	166359040	108740712	28982176	65851392
438	200	191034797	266534912	168980480	108079216	28982176	66007040
439	200	189179951	269070336	171339776	124040184	28982176	66158592
440	200	208976840	271585280	173961216	123247392	28982176	66310144
441	200	204999128	274092032	176320512	122531960	28982176	66457600
442	200	202510052	276611072	178941952	138465088	28982176	66609152
443	200	198462226	279138304	181301248	137768928	28982176	66756608
444	200	222999964	281665536	183922688	136947304	28982176	66904064
445	200	198056144	284192768	186281984	152878856	28982176	67055616
446	200	195495437	286715904	188903424	152085488	28982176	67215360
447	200	213334428	289243136	191262720	151422192	28982176	67354624
448	200	202336332	291840000	193884160	167321520	28982176	67502080
449	200	194667943	294363136	196243456	166590704	28982176	67657728
450	200	222783789	236208128	138047488	51552896	28982176	67809280
451	200	191451913	237998080	139882496	50892552	28982176	67956736
452	200	197517334	240521216	142503936	66822504	28982176	68112384
453	200	199381027	243048448	144863232	66093488	28982176	68268032
454	200	201075939	245583872	147484672	65363824	28982176	68415488
455	200	199966660	248102912	149843968	81331664	28982176	68558848
456	200	206085841	250621952	152465408	80601944	28982176	68706304
457	200	207762272	253145088	154824704	79872216	28982176	68861952
458	200	205911364	255680512	157446144	95773008	28982176	69009408
459	200	192897131	258199552	159805440	95077640	28982176	69160960
460	200	197704156	260706304	162426880	94415144	28982176	69304320
461	200	181929908	263217152	164786176	110280176	28982176	69459968
462	200	200269331	265748480	167407616	109517848	28982176	69611520
463	200	194827847	268271616	169766912	108788432	28982176	69767168
464	200	195249656	270790656	172388352	124717192	28982176	69918720
465	200	197999214	273317888	174747648	124020936	28982176	70057984
466	200	185714663	275841024	177369088	123230328	28982176	70209536
467	200	213348356	278368256	179728384	139159936	28982176	70365184
468	200	200007188	280891392	182349824	138337528	28982176	70524928
469	200	200366293	283418624	184709120	137641632	28982176	70664192
470	200	196168375	285929472	187330560	153606528	28982176	70811648
471	200	201233955	288436224	189689856	152812304	28982176	70967296
472	200	206898747	290959360	192311296	152059832	28982176	71122944
473	200	208046233	293478400	194670592	167958608	28982176	71266304
474	200	234983090	236974080	138047488	52933528	28982176	71413760
475	200	210233259	237150208	138309632	52205704	28982176	71569408
476	200	214801858	239673344	140931072	51484144	28982176	71708672
477	200	197564866	242196480	143290368	67382928	28982176	71864320
478	200	223174003	244727808	145911808	66654200	28982176	72011776
479	200	199402081	247255040	148271104	65897072	28982176	72159232
480	200	190101409	249765888	150892544	81859448	28982176	72314880
481	200	188805801	252276736	153251840	81102112	28982176	72470528
482	200	194552369	254787584	155873280	80378688	28982176	72613888
483	200	190548484	257306624	158232576	96309296	28982176	72757248
484	200	205454089	259829760	160854016	95514304	28982176	72921088
485	200	226862512	262361088	163213312	94817960	28982176	73068544
486	200	200145041	264884224	165834752	110813176	28982176	73216000
487	200	207105736	267411456	168194048	110085912	28982176	73359360
488	200	219353090	269938688	170815488	126018136	28990368	73519104
489	200	211979693	272474112	173174784	125196480	28990368	73670656
490	200	222746200	274984960	175796224	124404184	28990368	73818112
491	200	202298466	277487616	178155520	140238688	28990368	73969664
492	200	212433917	280006656	180776960	139477432	28990368	74125312
493	200	202902888	282533888	183136256	138653848	28990368	74272768
494	200	201190235	285061120	185757696	154537888	28990368	74424320
495	200	211580366	287588352	188116992	153693856	28990368	74579968
496	200	216742746	238186496	138571776	46948560	28982176	74723328
497	200	193900041	238440448	138833920	63727864	28982176	74870784
498	200	212645173	240967680	141455360	64317208	28982176	75022336
499	200	215489819	243490816	143814656	64893760	28982176	75177984
500	200	218433453	246009856	146436096	65489880	28982176	75321344
501	200	199997556	248524800	148795392	82368944	28982176	75476992
502	200	224655903	251043840	151416832	82960472	28982176	75632640
503	200	210298600	253562880	153776128	83542048	28982176	75784192
504	200	212081840	256090112	156397568	100347896	28982176	75952128
505	200	208984017	258621440	158756864	100880392	28982176	76111872
506	200	204067586	261144576	161378304	101453024	28982176	76267520
507	200	212996791	263680000	163737600	118292992	28982176	76423168
508	200	207801560	266207232	166359040	118881448	28982176	76587008
509	200	209949065	268734464	168718336	119456256	28982176	76738560
510	200	202995181	271245312	171339776	136234376	28982176	76886016
511	200	205861105	273760256	173699072	136821040	28982176	77053952
512	200	207822561	276295680	176320512	137368120	28982176	77213696
513	200	205484221	278822912	178679808	137942608	28982176	77361152
514	200	212437575	238256128	138047488	43239840	28982176	77516800
515	200	221978676	238784512	138571776	59347424	28982176	77676544
516	200	213335891	241311744	141193216	58875328	28982176	77840384
517	200	198383424	243834880	143552512	58406872	28982176	77991936
518	200	200076020	246362112	146173952	74520032	28982176	78155776
519	200	202079144	248893440	148533248	74009096	28982176	78307328
520	200	205715710	251408384	151154688	73535720	28982176	78467072
521	200	210396761	253911040	153513984	89649592	28982176	78626816
522	200	200282237	256434176	156135424	89141280	28982176	78790656
523	200	201335204	258961408	158494720	88657896	28982176	78942208
524	200	205301764	261484544	161116160	104763752	28982176	79106048
525	200	220584831	264007680	163475456	104263912	28982176	79273984
526	200	210789811	266534912	166096896	103719088	28982176	79429632
527	200	205700698	269062144	168456192	119792216	28982176	79585280
528	200	208881617	271585280	171077632	119327728	28982176	79740928
529	200	207555477	274116608	173436928	135443232	28982176	79900672
530	200	209176916	276627456	176058368	134944816	28982176	80056320
531	200	211334090	279138304	178417664	134465960	28982176	80216064
532	200	204982152	281673728	181039104	150578432	28982176	80367616
533	200	207587044	284192768	183398400	150119424	28982176	80527360
534	200	216786071	286715904	186019840	149648568	28982176	80674816
535	200	211856585	289234944	188379136	165755216	28982176	80826368
536	200	212430809	291753984	191000576	165276816	28982176	80986112
537	200	221634526	241008640	140144640	41661864	28982176	81149952
538	200	208050890	241065984	140144640	57711528	28982176	81313792
539	200	207279584	243159040	142241792	57240256	28982176	81469440
540	200	199150391	245669888	144863232	56771720	28982176	81625088
541	200	205527383	248184832	147222528	72885576	28982176	81784832
542	200	202788926	250707968	149843968	72424008	28982176	81948672
543	200	214750194	253239296	152203264	71920792	28982176	82104320
544	200	199000852	255770624	154824704	88024272	28982176	82264064
545	200	203514542	258289664	157184000	87516312	28982176	82423808
546	200	216773364	260820992	159805440	87068496	28982176	82567168
547	200	200681220	263348224	162164736	103178304	28982176	82731008
548	200	210870751	265879552	164786176	102714680	28982176	82890752
549	200	203961934	268423168	167145472	102246304	28982176	83050496
550	200	207988993	270938112	169766912	118320960	28982176	83202048
551	200	197678409	273444864	172126208	117816072	28982176	83357696
552	200	206871492	275963904	174747648	117331096	28982176	83521536
553	200	209295687	278491136	177106944	133436408	28982176	83677184
554	200	216316679	281014272	179728384	132964552	28982176	83836928
555	200	210640447	283541504	182087680	149075776	28982176	83992576
556	200	206779456	286068736	184709120	148597216	28982176	84152320
557	200	212721669	288600064	187068416	148131088	28982176	84303872
558	200	195250648	291139584	189689856	164239448	28982176	84463616
559	200	214304172	293724160	192049152	163752256	28982176	84611072
560	200	204424285	296239104	194670592	163292328	28982176	84762624
561	200	219514343	242282496	140668928	51472368	28982176	84926464
562	200	203553685	243228672	141717504	50964808	28982176	85086208
563	200	207773337	245751808	144076800	67075216	28982176	85241856
564	200	204895949	248270848	146698240	66601560	28982176	85393408
565	200	201949720	250793984	149057536	66126080	28982176	85557248
566	200	204139038	253325312	151678976	82236680	28982176	85712896
567	200	196134250	255848448	154038272	81733256	28982176	85872640
568	200	207783429	258367488	156659712	81257432	28982176	86028288
569	200	197865509	260890624	159019008	97378032	28982176	86183936
570	200	204439660	263405568	161640448	96875888	28982176	86339584
571	200	199096484	265912320	163999744	96400688	28982176	86507520
572	200	198091672	268431360	166621184	112514872	28982176	86675456
573	200	196668915	270970880	168980480	112007640	28982176	86822912
574	200	202027094	273494016	171601920	111537680	28982176	86986752
575	200	192523948	276025344	173961216	127642576	28982176	87146496
576	200	209740193	278552576	176582656	127160272	28982176	87302144
577	200	204475310	281079808	178941952	126678368	28982176	87445504
578	200	190329209	283607040	181563392	142786656	28982176	87609344
579	200	215554253	286134272	184184832	142309544	28982176	87760896
580	200	234813347	288641024	186544128	141815448	28982176	87908352
581	200	195440763	291143680	189165568	157892552	28982176	88072192
582	200	201484241	293658624	191524864	157379120	28982176	88231936
583	200	202558212	296312832	194146304	156925152	28982176	88379392
584	200	222059471	243654656	141197312	49015288	28982176	88539136
585	200	198500111	243691520	141197312	48512960	28982176	88702976
586	200	207858923	246132736	143818752	64624912	28982176	88862720
587	200	194873924	248664064	146178048	64151232	28982176	89014272
588	200	200382765	251191296	148799488	63690216	28982176	89174016
589	200	203498240	253710336	151158784	79803000	28982176	89341952
590	200	212178942	256221184	153780224	79341112	28982176	89485312
591	200	209209004	258727936	156139520	78872024	28982176	89653248
592	200	205972363	261246976	158760960	94981080	28982176	89817088
593	200	196665550	263770112	161120256	94507408	28982176	89972736
594	200	198727630	266301440	163741696	94028232	28982176	90132480
595	200	214625070	268824576	166100992	110142440	28990368	90296320
596	200	205347992	271351808	168722432	109664752	28990368	90443776
597	200	204840171	273883136	171081728	109200424	28990368	90607616
598	200	203946800	276414464	173703168	125280328	28990368	90763264
599	200	199927192	278937600	176062464	124800600	28990368	90923008
600	200	196171560	281452544	178683904	124298216	28990368	91074560
601	200	216651157	283959296	181043200	140457648	28990368	91226112
602	200	217193209	286482432	183664640	139981992	28990368	91394048
603	200	212046151	289009664	186023936	139466528	28990368	91545600
604	200	203500506	291532800	188645376	155579576	28990368	91709440
605	200	196846829	294060032	191004672	155107760	28990368	91865088
606	200	195266935	296587264	193626112	154638312	28990368	92028928
607	200	195366556	299122688	195985408	170758688	28990368	92184576
608	200	227607481	244727808	141455360	49842600	28982176	92336128
609	200	193922776	245637120	142503936	50423416	28982176	92487680
610	200	198992028	248156160	144863232	67241592	28982176	92639232
611	200	212125809	250662912	147484672	67829720	28982176	92803072
612	200	205655604	253190144	149843968	68413424	28982176	92962816
613	200	196790803	255713280	152465408	85230840	28982176	93110272
614	200	193316868	258244608	154824704	85825096	28982176	93270016
615	200	203551456	260771840	157446144	86404072	28982176	93425664
616	200	188026583	263290880	159805440	103181920	28982176	93585408
617	200	199846686	265826304	162426880	103774888	28982176	93736960
618	200	189136758	268353536	164786176	104359048	28982176	93896704
619	200	191429904	270876672	167407616	121168752	28982176	94056448
620	200	209377010	273395712	169766912	121743936	28982176	94208000
621	200	210465241	275906560	172388352	122312120	28982176	94371840
622	200	206851555	278425600	174747648	122928152	28982176	94535680
623	200	200222422	280948736	177369088	139725504	28982176	94695424
624	200	208103791	283471872	179728384	140304216	28982176	94851072
625	200	200973748	285995008	182349824	140871528	28982176	95002624
626	200	195274726	288514048	184709120	157638176	28982176	95154176
627	200	209393533	291045376	187330560	158201720	28982176	95322112
628	200	220495713	294928384	191262720	158766320	28982176	95481856
629	200	233372583	248320000	144601088	49884440	28982176	95637504
630	200	225042257	248340480	144601088	49376032	28982176	95784960
631	200	208687144	250847232	147222528	65488648	28982176	95961088
632	200	218602773	253370368	149581824	65015816	28982176	96120832
633	200	211119339	255889408	152203264	64535168	28982176	96268288
634	200	201705242	258416640	154562560	80675784	28982176	96432128
635	200	212784826	260939776	157184000	80203400	28982176	96595968
636	200	208799395	263458816	159543296	79728896	28982176	96739328
637	200	205748757	265986048	162164736	95842712	28982176	96903168
638	200	229516488	268521472	164524032	95333040	28982176	97067008
639	200	213042021	271048704	167145472	94829416	28982176	97222656
640	200	188894965	273559552	169504768	110944000	28982176	97374208
641	200	203695335	276066304	172126208	110477544	28982176	97533952
642	200	205609420	278581248	174485504	109992384	28982176	97693696
643	200	214992009	281104384	177106944	126099344	28982176	97845248
644	200	208501867	283623424	179466240	125654328	28982176	98009088
645	200	205452570	286150656	182087680	125145776	28982176	98156544
646	200	212028356	288677888	184446976	141253064	28982176	98316288
647	200	212520124	291213312	187068416	140781776	28982176	98476032
648	200	194961794	293744640	189427712	140309688	28982176	98635776
649	200	205191845	296271872	192049152	156424840	28982176	98779136
650	200	196980727	298782720	194408448	155914520	28982176	98930688
651	200	200100404	301289472	197029888	155454192	28982176	99102720
652	200	210411891	303812608	199389184	171569528	28982176	99258368
653	200	230959899	248512512	143814656	45516552	28982176	99401728
654	200	203433639	249982976	145387520	61640168	28982176	99561472
655	200	192764976	252514304	147746816	61165472	28982176	99725312
656	200	207153497	255041536	150368256	60692768	28982176	99880960
657	200	202568749	257568768	152727552	76806688	28982176	100036608
658	200	201285079	260096000	155348992	76335400	28982176	100188160
659	200	214351139	262619136	157708288	75868360	28982176	100347904
660	200	188808409	265134080	160329728	91986024	28982176	100511744
661	200	194513534	267644928	162689024	91512560	28982176	100667392
662	200	218530503	270159872	165310464	91030408	28982176	100823040
663	200	206080926	272683008	167669760	107141856	28982176	100978688
664	200	239768689	275210240	170291200	106579200	28982176	101138432
665	200	215442209	277737472	172912640	106044472	28982176	101289984
666	200	209572727	280260608	175271936	122162808	28982176	101449728
667	200	212864910	282791936	177893376	121697544	28982176	101597184
668	200	205690224	285315072	180252672	121225744	28982176	101752832
669	200	195124692	287838208	182874112	137306144	28982176	101904384
670	200	202471109	290344960	185233408	136800696	28982176	102064128
671	200	199145836	292851712	187854848	136294920	28982176	102227968
672	200	193338323	295374848	190214144	152414640	28982176	102387712
673	200	208310261	297897984	192835584	151936984	28982176	102547456
674	200	202339792	300429312	195194880	168051336	28982176	102703104
675	200	203622965	302952448	197816320	167574304	28982176	102858752
676	200	231998486	249237504	143814656	45009024	28982176	103018496
677	200	202015784	249868288	144601088	61122560	28982176	103178240
678	200	184841889	252395520	146960384	60651848	28982176	103329792
679	200	198328543	254914560	149581824	60186568	28982176	103481344
680	200	185629278	257425408	151941120	76270080	28982176	103632896
681	200	199470635	259936256	154562560	75770704	28982176	103804928
682	200	194315696	262455296	156921856	75305232	28982176	103960576
683	200	195857640	264974336	159543296	91422776	28982176	104116224
684	200	215919226	267501568	161902592	90949504	28982176	104275968
685	200	187595285	270041088	164524032	90470072	28982176	104435712
686	200	206108668	272560128	166883328	106577968	28982176	104591360
687	200	204470282	275087360	169504768	106102184	28982176	104751104
688	200	218936975	277618688	171864064	105619856	28982176	104910848
689	200	197224693	280137728	174485504	121729712	28982176	105074688
690	200	200930847	282648576	176844800	121260248	28982176	105218048
691	200	203218933	285159424	179466240	120740480	28982176	105390080
692	200	197194626	287682560	181825536	136845464	28982176	105549824
693	200	207136700	290205696	184446976	136380056	28982176	105705472
694	200	196816417	292737024	186806272	135911784	28982176	105869312
695	200	195583511	295260160	189427712	152033640	28982176	106029056
696	200	211280420	297779200	191787008	151526680	28982176	106176512
697	200	202965415	300310528	194408448	151062048	28982176	106336256
698	200	215559353	302837760	196767744	167170736	28982176	106500096
699	200	235578273	249987072	143814656	44112960	28982176	106659840
700	200	201440231	250011648	143814656	60190008	28982176	106807296
701	200	207333279	252215296	146173952	59777680	28982176	106967040
702	200	209703424	254734336	148533248	59306472	28982176	107130880
703	200	193324279	257257472	151154688	75420832	28982176	107278336
704	200	197108733	259776512	153513984	74939528	28982176	107433984
705	200	212060017	262299648	156135424	74467176	28982176	107601920
706	200	190063902	264835072	158494720	90579576	28982176	107757568
707	200	201303948	267358208	161116160	90105880	28982176	107913216
708	200	195517276	269881344	163475456	89623984	28982176	108068864
709	200	201729659	272412672	166096896	105704064	28982176	108232704
710	200	207135027	274927616	168456192	105246136	28982176	108384256
711	200	198606332	277438464	171077632	104772976	28982176	108539904
712	200	198881246	279961600	173436928	120886448	28982176	108699648
713	200	205632031	282484736	176058368	120420584	28982176	108855296
714	200	210819108	285003776	178417664	119949624	28982176	108998656
715	200	202142020	287522816	181039104	136053880	28982176	109150208
716	200	206637267	290045952	183398400	135576200	28982176	109314048
717	200	205833631	292577280	186019840	135098960	28982176	109473792
718	200	209981830	295104512	188379136	151203168	28982176	109637632
719	200	207128227	297631744	191000576	150706856	28982176	109797376
720	200	210887938	300146688	193359872	150227520	28982176	109944832
721	200	204665385	302653440	195981312	166347128	28982176	110108672
722	200	207545097	305176576	198340608	165864232	28982176	110272512
723	200	220478539	250707968	143814656	57192272	28982176	110436352
724	200	198553960	251932672	145125376	56754760	28982176	110587904
725	200	207516471	254455808	147746816	56287144	28982176	110743552
726	200	218810208	256978944	150106112	72377680	28982176	110891008
727	200	205360379	259506176	152727552	71906552	28982176	111058944
728	200	198651908	262033408	155086848	71404648	28982176	111222784
729	200	199679646	264556544	157708288	87521176	28982176	111374336
730	200	205022494	267063296	160067584	87060720	28982176	111525888
731	200	217578047	269574144	162689024	86587136	28982176	111685632
732	200	206548920	272097280	165048320	102700488	28982176	111853568
733	200	202823255	274624512	167669760	102216416	28982176	112005120
734	200	210256262	277147648	170029056	101744208	28982176	112164864
735	200	214714258	279670784	172650496	117858752	28982176	112324608
736	200	211876897	282198016	175009792	117393000	28982176	112480256
737	200	194829106	284725248	177631232	116927400	28982176	112640000
738	200	193621023	287256576	179990528	133033736	28982176	112799744
739	200	208042929	289783808	182611968	132556856	28982176	112939008
740	200	199258282	292294656	184971264	132071848	28982176	113094656
741	200	200678358	294805504	187592704	148177176	28982176	113258496
742	200	207992232	297328640	189952000	147705864	28982176	113410048
743	200	203908485	299847680	192573440	147165360	28982176	113565696
744	200	194752023	302370816	194932736	163275808	28982176	113725440
745	200	207822431	304893952	197554176	162804432	28982176	113885184
746	200	208655027	251432960	143814656	53007000	28982176	114040832
747	200	214967285	251609088	144076800	52500352	28982176	114204672
748	200	197502725	254140416	146698240	52032328	28982176	114360320
749	200	206488390	256667648	149057536	68147064	28982176	114515968
750	200	200526307	259178496	151678976	67675640	28982176	114671616
751	200	199980646	261689344	154038272	67167280	28982176	114839552
752	200	194432821	264212480	156659712	83242176	28982176	114995200
753	200	206774035	266731520	159019008	82762384	28982176	115150848
754	200	206634069	269254656	161640448	98869672	28982176	115310592
755	200	199524658	271777792	163999744	98398432	28982176	115466240
756	200	211306084	274305024	166621184	97922248	28982176	115621888
757	200	200072354	276828160	168980480	114038552	28982176	115773440
758	200	197954779	279359488	171601920	113568104	28982176	115933184
759	200	225325289	281890816	173961216	113091112	28982176	116092928
760	200	211410905	284405760	176582656	129205248	28982176	116248576
761	200	203035027	286912512	178941952	128721624	28982176	116404224
762	200	203924546	289431552	181563392	128241704	28982176	116559872
763	200	201847248	291954688	183922688	144342600	28982176	116711424
764	200	207320107	294477824	186544128	143879592	28982176	116879360
765	200	196041742	297005056	188903424	143416552	28982176	117030912
766	200	208066547	299524096	191524864	159526464	28982176	117186560
767	200	208143524	302059520	193884160	159060032	28982176	117346304
768	200	202992668	304590848	196505600	158588784	28982176	117506048
769	200	196243307	307113984	198864896	174681904	28982176	117661696
770	200	234093373	252190720	143814656	48857456	28982176	117817344
771	200	201211516	253825024	145649664	64948912	28982176	117972992
772	200	206460933	256344064	148008960	64451504	28982176	118136832
773	200	204097858	258871296	150630400	63918440	28982176	118296576
774	200	194022813	261390336	152989696	80034960	28982176	118444032
775	200	200150349	263909376	155611136	79571944	28982176	118591488
776	200	206950121	266436608	157970432	79106032	28982176	118759424
777	200	214185333	268967936	160591872	95213680	28982176	118927360
778	200	208274243	271503360	162951168	94748504	28982176	119083008
779	200	198447887	274026496	165572608	94283008	28982176	119230464
780	200	192239212	276541440	167931904	110368760	28982176	119386112
781	200	200986808	279052288	170553344	109889864	28982176	119545856
782	200	223607883	281571328	172912640	109377056	28982176	119701504
783	200	201432735	284090368	175534080	125452800	28982176	119861248
784	200	201538204	286613504	177893376	124976192	28982176	120016896
785	200	215580807	289136640	180514816	124512008	28982176	120172544
786	200	190023773	291659776	182874112	140618216	28982176	120328192
787	200	209932172	294187008	185495552	140147696	28982176	120492032
788	200	194804531	296710144	187854848	139669816	28982176	120643584
789	200	197456684	299233280	190476288	155779160	28982176	120803328
790	200	213778857	301744128	192835584	155309128	28982176	120954880
791	200	201191774	304254976	195457024	154802720	28982176	121118720
792	200	194378824	306786304	197816320	170919928	28982176	121274368
793	200	220972775	253419520	144343040	46218072	28982176	121430016
794	200	196316313	254066688	145129472	62328792	28982176	121585664
795	200	193984593	256593920	147488768	61864544	28982176	121737216
796	200	194244679	259112960	150110208	61399056	28982176	121901056
797	200	200811539	261640192	152469504	77507488	28982176	122052608
798	200	197904641	264163328	155090944	77035792	28982176	122216448
799	200	192625593	266694656	157450240	76568192	28982176	122376192
800	200	207419739	269209600	160071680	92681296	28982176	122527744
801	200	204172461	271716352	162430976	92259424	28990368	122683392
802	200	203085773	274231296	165052416	91785512	28990368	122851328
803	200	197506189	276758528	167411712	107900224	28990368	123015168
804	200	204340985	279281664	170033152	107429008	28990368	123162624
805	200	197930889	281804800	172392448	106965608	28990368	123318272
806	200	206556692	284332032	175013888	123080592	28990368	123486208
807	200	215461675	286859264	177373184	122606776	28990368	123641856
808	200	210919101	289394688	179994624	122123600	28990368	123797504
809	200	199782837	291913728	182353920	138230944	28990368	123944960
810	200	192452166	294428672	184975360	137748520	28990368	124092416
811	200	207838085	296943616	187334656	137267080	28990368	124260352
812	200	200788597	299474944	189956096	153391760	28990368	124424192
813	200	199131403	302002176	192315392	152885432	28990368	124567552
814	200	223027335	304525312	194936832	152417344	28990368	124727296
815	200	197101615	307052544	197296128	168527008	28990368	124878848
816	200	227231570	254414848	144601088	47308744	28982176	125038592
817	200	204193239	254451712	144601088	47707448	28982176	125194240
818	200	203521230	256094208	146436096	64515984	28982176	125353984
819	200	210913141	258613248	148795392	65108008	28982176	125517824
820	200	197110067	261124096	151416832	65686152	28982176	125661184
821	200	192094974	263634944	153776128	82513648	28982176	125829120
822	200	208937004	266158080	156397568	83088600	28982176	125992960
823	200	216241053	268681216	158756864	83667656	28982176	126152704
824	200	211473755	271204352	161378304	100490120	28982176	126308352
825	200	214350044	273731584	163737600	101071832	28982176	126459904
826	200	222152999	276250624	166359040	101622296	28982176	126611456
827	200	196583029	278781952	168718336	102196272	28982176	126779392
828	200	189563848	281309184	171339776	118949304	28982176	126939136
829	200	201306104	283828224	173699072	119529576	28982176	127090688
830	200	207231576	286334976	176320512	120088024	28982176	127242240
831	200	187203026	288845824	178679808	136904424	28982176	127406080
832	200	187516356	291373056	181301248	137472384	28982176	127569920
833	200	211372106	293900288	183660544	138040160	28982176	127725568
834	200	204504255	296423424	186281984	154858384	28982176	127881216
835	200	200501183	298950656	188641280	155423584	28982176	128032768
836	200	218737102	301477888	191262720	155991592	28982176	128196608
837	200	200554931	304005120	193622016	172818920	28982176	128360448
838	200	248820328	254906368	144601088	47599624	28982176	128512000
839	200	204106356	255647744	145387520	63708960	28982176	128647168
840	200	221709993	258154496	148008960	63266904	28982176	128798720
841	200	212995071	260657152	150368256	62790392	28982176	128974848
842	200	201932807	263184384	152989696	78872240	28982176	129126400
843	200	199261946	265703424	155348992	78391872	28982176	129277952
844	200	199605617	268226560	157970432	77925752	28982176	129437696
845	200	198973992	270757888	160329728	94039664	28982176	129597440
846	200	196086676	273281024	162951168	93568144	28982176	129761280
847	200	200992176	275804160	165310464	93046552	28982176	129912832
848	200	195127562	278327296	167931904	109092968	28982176	130068480
849	200	206013522	280854528	170291200	108623224	28982176	130236416
850	200	203446749	283365376	172912640	108145560	28982176	130383872
851	200	201129885	285872128	175271936	124253080	28982176	130547712
852	200	214054085	288403456	177893376	123773024	28982176	130703360
853	200	187228919	290922496	180252672	123302392	28982176	130859008
854	200	209518884	293445632	182874112	139414640	28982176	131014656
855	200	203812281	295968768	185233408	138907624	28982176	131170304
856	200	210076675	298487808	187854848	138428624	28982176	131321856
857	200	198327370	301019136	190214144	154542472	28982176	131477504
858	200	200523578	303546368	192835584	154073008	28982176	131641344
859	200	194681726	306073600	195194880	153599592	28982176	131801088
860	200	215769035	308592640	197816320	169706152	28982176	131948544
861	200	221770965	255733760	144601088	44110456	28982176	132104192
862	200	225608483	255819776	144601088	60190840	28982176	132272128
863	200	196500214	258043904	146960384	59717400	28982176	132435968
864	200	212086578	260567040	149319680	59259824	28982176	132583424
865	200	202789033	263090176	151941120	75384776	28982176	132739072
866	200	198372766	265617408	154300416	74910216	28982176	132907008
867	200	214860566	268144640	156921856	74438328	28982176	133058560
868	200	187370115	270671872	159281152	90554792	28982176	133214208
869	200	202056523	273190912	161902592	90080872	28982176	133369856
870	200	204867401	275714048	164261888	89599576	28982176	133517312
871	200	195885329	278228992	166883328	105680600	28982176	133681152
872	200	232116512	280756224	169242624	105212896	28982176	133840896
873	200	209855535	283279360	171864064	104744656	28982176	133992448
874	200	194264596	285806592	174223360	120860472	28982176	134144000
875	200	202496396	288329728	176844800	120387656	28982176	134299648
876	200	189733048	290852864	179204096	119908248	28982176	134467584
877	200	197550212	293380096	181825536	135985152	28982176	134623232
878	200	200967530	295911424	184184832	135504168	28982176	134774784
879	200	201702863	298430464	186806272	135022544	28982176	134930432
880	200	201586756	300937216	189165568	151106896	28982176	135094272
881	200	195028451	303456256	191787008	150630616	28982176	135254016
882	200	207670486	305975296	194146304	150158920	28982176	135405568
883	200	217343866	308494336	196767744	166266416	28982176	135569408
884	200	192791105	311025664	199127040	165795944	28982176	135725056
885	200	210961629	256565248	144601088	55924248	28982176	135876608
886	200	190963682	257736704	145911808	55458584	28982176	136028160
887	200	197587519	260259840	148271104	54983320	28982176	136183808
888	200	208903521	262795264	150892544	71096368	28982176	136343552
889	200	212334619	265318400	153251840	70632016	28982176	136495104
890	200	205045986	267825152	155873280	70159720	28982176	136654848
891	200	201122492	270336000	158232576	86283416	28982176	136818688
892	200	206765814	272855040	160854016	85816504	28982176	136974336
893	200	202198695	275382272	163213312	85344696	28982176	137129984
894	200	195740571	277909504	165834752	101459904	28982176	137289728
895	200	207550352	280432640	168194048	100989056	28982176	137445376
896	200	194950217	282959872	170815488	100523800	28982176	137596928
897	200	190791759	285487104	173174784	116573608	28982176	137764864
898	200	205838971	288018432	175796224	116078136	28982176	137920512
899	200	195510869	290541568	178155520	115598608	28982176	138072064
900	200	188941175	293052416	180776960	131706976	28982176	138231808
901	200	209506446	295567360	183136256	131285864	28982176	138383360
902	200	218354586	298086400	185757696	130786200	28982176	138530816
903	200	194899101	300605440	188116992	146892744	28990368	138670080
904	200	193489547	303128576	190738432	146420104	28990368	138825728
905	200	202673461	305659904	193097728	162535128	28990368	138985472
906	200	199010134	308187136	195719168	162031264	28990368	139128832
907	200	189824493	310710272	198078464	161546944	28990368	139280384
908	200	218968882	257298432	144601088	52935936	28982176	139431936
909	200	201573580	257482752	144863232	52428504	28982176	139583488
910	200	201118112	259993600	147484672	51960424	28982176	139730944
911	200	209218011	262500352	149843968	68108536	28982176	139894784
912	200	213841939	265035776	152465408	67636256	28982176	140038144
913	200	206706448	267554816	154824704	67157768	28982176	140181504
914	200	198000363	270069760	157446144	83236528	28982176	140324864
915	200	214478661	272588800	159805440	82765424	28982176	140476416
916	200	200263795	275116032	162426880	98873104	28982176	140632064
917	200	210691462	277643264	164786176	98364056	28982176	140787712
918	200	209672314	280170496	167407616	97895640	28982176	140939264
919	200	208580706	282693632	169766912	114019560	28982176	141094912
920	200	205338938	285212672	172388352	113555040	28982176	141238272
921	200	199658100	287715328	174747648	113087304	28982176	141385728
922	200	215708187	290234368	177369088	129163640	28982176	141545472
923	200	216418631	292765696	179728384	128654512	28982176	141697024
924	200	209030882	295284736	182349824	128173680	28982176	141852672
925	200	208241929	297807872	184709120	144281288	28982176	141991936
926	200	215047153	300331008	187330560	143774408	28982176	142143488
927	200	202883782	302862336	189689856	143302112	28982176	142299136
928	200	216098527	305397760	192311296	159414056	28982176	142450688
929	200	228861460	307920896	194670592	158937512	28982176	142594048
930	200	243238515	310431744	197292032	158441432	28982176	142741504
931	200	217668247	312938496	199651328	174554928	28982176	142897152
932	200	223196554	258031616	144601088	49847752	28982176	143048704
933	200	200032153	259723264	146436096	65962448	28982176	143196160
934	200	205780550	262242304	148795392	65488848	28982176	143339520
935	200	213638291	264765440	151416832	65017192	28982176	143491072
936	200	192340682	267292672	153776128	81122976	28982176	143642624
937	200	201397538	269815808	156397568	80645512	28982176	143798272
938	200	197229639	272347136	158756864	80169416	28982176	143949824
939	200	191124651	274874368	161378304	96288440	28982176	144097280
940	200	197103840	277385216	163737600	95815736	28982176	144252928
941	200	207086840	279904256	166359040	95359088	28982176	144404480
942	200	189900415	282423296	168718336	111462776	28982176	144551936
943	200	189440444	284946432	171339776	110995256	28982176	144699392
944	200	197389117	287473664	173699072	110528488	28982176	144850944
945	200	189829161	290000896	176320512	126645232	28982176	144998400
946	200	195364679	292524032	178679808	126173624	28982176	145149952
947	200	206438717	295051264	181301248	125661000	28982176	145293312
948	200	193786632	297574400	183660544	141767776	28982176	145444864
949	200	211593314	252293120	138309632	54895720	28982176	145600512
950	200	218543963	253399040	139620352	54392448	28982176	145752064
951	200	198353901	255905792	141979648	53977872	28982176	145907712
952	200	199636923	258433024	144601088	70095440	28982176	146063360
953	200	209193833	260956160	146960384	69631920	28982176	146210816
954	200	192959062	263487488	149581824	69160808	28982176	146358272
955	200	195897637	266006528	151941120	85273080	28982176	146513920
956	200	190136676	268529664	154562560	84802992	28982176	146657280
957	200	206869978	271060992	156921856	84334512	28982176	146808832
958	200	198162810	273588224	159543296	100449312	28982176	146964480
959	200	197976787	276115456	161902592	99969416	28982176	147111936
960	200	206009562	278630400	164524032	116052512	28982176	147251200
961	200	211041885	281137152	166883328	115579904	28982176	147402752
962	200	202625395	283660288	169504768	115038088	28982176	147562496
963	200	207547248	286183424	171864064	131146680	28982176	147714048
964	200	198911681	288706560	174485504	130671208	28982176	147865600
965	200	200927893	291225600	176844800	130189640	28982176	148013056
966	200	208435274	293748736	179466240	146299928	28982176	148160512
967	200	206243046	296280064	181825536	145838312	28982176	148312064
968	200	216068944	298811392	184446976	145366376	28982176	148455424
969	200	214727517	301334528	186806272	161484936	28982176	148594688
970	200	214231334	303845376	189427712	160983880	28982176	148738048
971	200	220997406	306352128	191787008	160533816	28982176	148889600
972	200	226641018	254484480	139882496	52893688	28982176	149041152
973	200	212884831	254922752	140406784	52403992	28982176	149192704
974	200	210301461	257441792	143028224	51907824	28982176	149348352
975	200	204038946	259969024	145387520	68022360	28982176	149495808
976	200	206888447	262492160	148008960	67547232	28982176	149643264
977	200	215998754	265015296	150368256	67063232	28982176	149786624
978	200	189624766	267538432	152989696	83165624	28982176	149950464
979	200	207179470	270077952	155348992	82659960	28982176	150102016
980	200	193091988	272588800	157970432	98773592	28982176	150249472
981	200	215407175	275103744	160329728	98288008	28982176	150396928
982	200	204512559	277626880	162951168	97806576	28982176	150544384
983	200	191418781	280150016	165310464	113920368	28982176	150691840
984	200	208341867	282677248	167931904	113415880	28982176	150847488
985	200	201167052	285204480	170291200	112951200	28982176	151003136
986	200	195812138	287731712	172912640	129055624	28982176	151154688
987	200	204434463	290254848	175271936	128541192	28982176	151289856
988	200	206252450	292777984	177893376	128057968	28982176	151437312
989	200	204418142	295305216	180252672	144165048	28982176	151597056
990	200	204308647	297820160	182874112	143695680	28982176	151756800
991	200	204961910	300335104	185233408	143157352	28982176	151904256
992	200	225676328	253911040	138571776	46072048	28982176	152055808
993	200	203660064	254586880	139358208	62190232	28982176	152207360
994	200	221402370	257114112	141717504	61711696	28982176	152354816
995	200	202721514	259637248	144338944	61202096	28982176	152502272
996	200	212705683	262156288	146698240	77305232	28982176	152653824
997	200	210218790	264675328	149319680	76832296	28982176	152801280
998	200	207271796	267194368	151678976	76357248	28982176	152948736
999	200	217422122	269717504	154300416	92472960	28982176	153104384
1000	200	219790861	272228352	156659712	92053200	28982176	153247744
1001	15	16772552	272416768	156921856	95472384	28982176	153247744
