block	steps	btime	rss	heapTotal	heapUsed	external	disk	kernelObjects	kernelObjectsUp	kernelObjectsDown	kernelObjectsMax	kernelDevices	kernelDevicesUp	kernelDevicesDown	kernelDevicesMax	kernelPromises	kernelPromisesUp	kernelPromisesDown	kernelPromisesMax	kpUnresolved	kpUnresolvedUp	kpUnresolvedDown	kpUnresolvedMax	kpFulfilledToPresence	kpFulfilledToPresenceUp	kpFulfilledToPresenceDown	kpFulfilledToPresenceMax	kpFulfilledToData	kpFulfilledToDataUp	kpFulfilledToDataDown	kpFulfilledToDataMax	kpRejected	kpRejectedUp	kpRejectedDown	kpRejectedMax	runQueueLength	runQueueLengthUp	runQueueLengthMax	syscalls	syscallSend	syscallSubscribe	syscallFulfillToData	syscallFulfillToPresence	syscallReject	syscallCallNow	dispatches	dispatchDeliver	dispatchNotifyFulfillToData	dispatchNotifyFulfillToPresence	dispatchReject	clistEntries	clistEntriesUp	clistEntriesDown	clistEntriesMax
1	63	105803253	342913024	210911232	183518032	66220377	1777664	35	35	0	35	1	1	0	1	0	34	34	10	0	34	34	9	0	16	16	4	0	18	18	2	0	0	0	0	0	63	7	101	34	29	18	16	0	4	63	34	13	16	0	90	153	63	92
2	217	1658093659	370880512	232349696	105889488	66271690	8974336	85	85	0	85	1	1	0	1	34	150	116	41	2	150	148	13	16	60	44	16	16	88	72	19	0	0	0	0	0	280	10	436	130	152	88	60	0	6	280	130	80	70	0	274	548	274	283
3	205	1238770305	388485120	246620160	200455416	66271690	16191488	133	133	0	133	1	1	0	1	68	260	192	75	4	260	256	15	32	100	68	32	32	156	124	35	0	0	0	0	0	485	10	753	220	269	156	100	0	8	485	220	145	120	0	448	921	473	457
4	205	1248985043	470441984	325341184	290283280	66271690	23019520	181	181	0	181	1	1	0	1	102	370	268	109	6	370	364	17	48	140	92	48	48	224	176	51	0	0	0	0	0	690	10	1070	310	386	224	140	0	10	690	310	210	170	0	622	1294	672	631
5	205	1264618271	443346944	295870464	152597256	66271690	29306880	229	229	0	229	1	1	0	1	136	480	344	143	8	480	472	19	64	180	116	64	64	292	228	67	0	0	0	0	0	895	10	1387	400	503	292	180	0	12	895	400	275	220	0	796	1667	871	805
6	205	1163278355	458248192	308871168	248593336	66279882	35778560	277	277	0	277	1	1	0	1	170	590	420	177	10	590	580	21	80	220	140	80	80	360	280	83	0	0	0	0	0	1100	10	1704	490	620	360	220	0	14	1100	490	340	270	0	970	2040	1070	979
7	205	1181800591	526995456	376631296	345684264	66279882	42205184	325	325	0	325	1	1	0	1	204	700	496	211	12	700	688	23	96	260	164	96	96	428	332	99	0	0	0	0	0	1305	10	2021	580	737	428	260	0	16	1305	580	405	320	0	1144	2413	1269	1153
8	205	1275200296	502185984	349712384	177427160	66271690	48648192	373	373	0	373	1	1	0	1	238	810	572	245	14	810	796	25	112	300	188	112	112	496	384	115	0	0	0	0	0	1510	10	2338	670	854	496	300	0	18	1510	670	470	370	0	1318	2786	1468	1327
9	205	1167805253	515530752	362917888	273837176	66271690	55078912	421	421	0	421	1	1	0	1	272	920	648	279	16	920	904	27	128	340	212	128	128	564	436	131	0	0	0	0	0	1715	10	2655	760	971	564	340	0	20	1715	760	535	420	0	1492	3159	1667	1501
10	205	1170069629	557215744	403185664	370296128	66271690	61521920	469	469	0	469	1	1	0	1	306	1030	724	313	18	1030	1012	29	144	380	236	144	144	632	488	147	0	0	0	0	0	1920	10	2972	850	1088	632	380	0	22	1920	850	600	470	0	1666	3532	1866	1675
11	205	1280427984	552660992	397885440	174139752	66271690	67952640	517	517	0	517	1	1	0	1	340	1140	800	347	20	1140	1120	31	160	420	260	160	160	700	540	163	0	0	0	0	0	2125	10	3289	940	1205	700	420	0	24	2125	940	665	520	0	1840	3905	2065	1849
12	205	1207998515	570605568	415514624	269422248	66271690	74371072	565	565	0	565	1	1	0	1	374	1250	876	381	22	1250	1228	33	176	460	284	176	176	768	592	179	0	0	0	0	0	2330	10	3606	1030	1322	768	460	0	26	2330	1030	730	570	0	2014	4278	2264	2023
13	205	1181258686	584957952	429707264	352635512	66279882	80805888	613	613	0	613	1	1	0	1	408	1360	952	415	24	1360	1336	35	192	500	308	192	192	836	644	195	0	0	0	0	0	2535	10	3923	1120	1439	836	500	0	28	2535	1120	795	620	0	2188	4651	2463	2197
14	205	1193094342	638996480	484388864	448557472	66279882	87236608	661	661	0	661	1	1	0	1	442	1470	1028	449	26	1470	1444	37	208	540	332	208	208	904	696	211	0	0	0	0	0	2740	10	4240	1210	1556	904	540	0	30	2740	1210	860	670	0	2362	5024	2662	2371
15	205	1324038179	607870976	451436544	201228728	66271690	93667328	709	709	0	709	1	1	0	1	476	1580	1104	483	28	1580	1552	39	224	580	356	224	224	972	748	227	0	0	0	0	0	2945	10	4557	1300	1673	972	580	0	32	2945	1300	925	720	0	2536	5397	2861	2545
16	205	1226444244	621187072	464642048	297379152	66271690	100114432	757	757	0	757	1	1	0	1	510	1690	1180	517	30	1690	1660	41	240	620	380	240	240	1040	800	243	0	0	0	0	0	3150	10	4874	1390	1790	1040	620	0	34	3150	1390	990	770	0	2710	5770	3060	2719
17	205	1193069544	634925056	478109696	393143328	66271690	106536960	805	805	0	805	1	1	0	1	544	1800	1256	551	32	1800	1768	43	256	660	404	256	256	1108	852	259	0	0	0	0	0	3355	10	5191	1480	1907	1108	660	0	36	3355	1480	1055	820	0	2884	6143	3259	2893
18	205	1211681267	680611840	522829824	488804936	66271690	112988160	853	853	0	853	1	1	0	1	578	1910	1332	585	34	1910	1876	45	272	700	428	272	272	1176	904	275	0	0	0	0	0	3560	10	5508	1570	2024	1176	700	0	38	3560	1570	1120	870	0	3058	6516	3458	3067
19	205	1477176863	674689024	514211840	194408488	66271690	119431168	901	901	0	901	1	1	0	1	612	2020	1408	619	36	2020	1984	47	288	740	452	288	288	1244	956	291	0	0	0	0	0	3765	10	5825	1660	2141	1244	740	0	40	3765	1660	1185	920	0	3232	6889	3657	3241
20	205	1225206488	687865856	527212544	290175368	66279882	125841408	949	949	0	949	1	1	0	1	646	2130	1484	653	38	2130	2092	49	304	780	476	304	304	1312	1008	307	0	0	0	0	0	3970	10	6142	1750	2258	1312	780	0	42	3970	1750	1250	970	0	3406	7262	3856	3415
21	205	1195943036	700710912	539951104	385017632	66279882	132268032	997	997	0	997	1	1	0	1	680	2240	1560	687	40	2240	2200	51	320	820	500	320	320	1380	1060	323	0	0	0	0	0	4175	10	6459	1840	2375	1380	820	0	44	4175	1840	1315	1020	0	3580	7635	4055	3589
22	205	1203361432	714092544	553213952	480067856	66279882	138686464	1045	1045	0	1045	1	1	0	1	714	2350	1636	721	42	2350	2308	53	336	860	524	336	336	1448	1112	339	0	0	0	0	0	4380	10	6776	1930	2492	1448	860	0	46	4380	1930	1380	1070	0	3754	8008	4254	3763
23	205	1241327267	762265600	602005504	576061616	66279882	145084416	1093	1093	0	1093	1	1	0	1	748	2460	1712	755	44	2460	2416	55	352	900	548	352	352	1516	1164	355	0	0	0	0	0	4585	10	7093	2020	2609	1516	900	0	48	4585	2020	1445	1120	0	3928	8381	4453	3937
24	205	1356259323	756445184	588201984	201169440	66271690	151543808	1141	1141	0	1141	1	1	0	1	782	2570	1788	789	46	2570	2524	57	368	940	572	368	368	1584	1216	371	0	0	0	0	0	4790	10	7410	2110	2726	1584	940	0	50	4790	2110	1510	1170	0	4102	8754	4652	4111
25	205	1216208619	771444736	602517504	297286112	66271690	158011392	1189	1189	0	1189	1	1	0	1	816	2680	1864	823	48	2680	2632	59	384	980	596	384	384	1652	1268	387	0	0	0	0	0	4995	10	7727	2200	2843	1652	980	0	52	4995	2200	1575	1220	0	4276	9127	4851	4285
26	205	1199632438	786857984	616570880	393582192	66271690	164409344	1237	1237	0	1237	1	1	0	1	850	2790	1940	857	50	2790	2740	61	400	1020	620	400	400	1720	1320	403	0	0	0	0	0	5200	10	8044	2290	2960	1720	1020	0	54	5200	2290	1640	1270	0	4450	9500	5050	4459
27	205	1215479881	800997376	630624256	489464376	66279882	170823680	1285	1285	0	1285	1	1	0	1	884	2900	2016	891	52	2900	2848	63	416	1060	644	416	416	1788	1372	419	0	0	0	0	0	5405	10	8361	2380	3077	1788	1060	0	56	5405	2380	1705	1320	0	4624	9873	5249	4633
28	205	1217312606	818040832	646778880	586984256	66279882	177246208	1333	1333	0	1333	1	1	0	1	918	3010	2092	925	54	3010	2956	65	432	1100	668	432	432	1856	1424	435	0	0	0	0	0	5610	10	8678	2470	3194	1856	1100	0	58	5610	2470	1770	1370	0	4798	10246	5448	4807
29	205	1257152892	889409536	717070336	682395336	66279882	183676928	1381	1381	0	1381	1	1	0	1	952	3120	2168	959	56	3120	3064	67	448	1140	692	448	448	1924	1476	451	0	0	0	0	0	5815	10	8995	2560	3311	1924	1140	0	60	5815	2560	1835	1420	0	4972	10619	5647	4981
30	205	1383462449	839442432	660869120	264694648	66271690	190136320	1429	1429	0	1429	1	1	0	1	986	3230	2244	993	58	3230	3172	69	464	1180	716	464	464	1992	1528	467	0	0	0	0	0	6020	10	9312	2650	3428	1992	1180	0	62	6020	2650	1900	1470	0	5146	10992	5846	5155
31	205	1312307830	855318528	676392960	362147072	66271690	196554752	1477	1477	0	1477	1	1	0	1	1020	3340	2320	1027	60	3340	3280	71	480	1220	740	480	480	2060	1580	483	0	0	0	0	0	6225	10	9629	2740	3545	2060	1220	0	64	6225	2740	1965	1520	0	5320	11365	6045	5329
32	205	1333931872	871776256	692178944	459598600	66271690	202969088	1525	1525	0	1525	1	1	0	1	1054	3450	2396	1061	62	3450	3388	73	496	1260	764	496	496	2128	1632	499	0	0	0	0	0	6430	10	9946	2830	3662	2128	1260	0	66	6430	2830	2030	1570	0	5494	11738	6244	5503
33	205	1230543850	888123392	708227072	557149560	66279882	209395712	1573	1573	0	1573	1	1	0	1	1088	3560	2472	1095	64	3560	3496	75	512	1300	788	512	512	2196	1684	515	0	0	0	0	0	6635	10	10263	2920	3779	2196	1300	0	68	6635	2920	2095	1620	0	5668	12111	6443	5677
34	205	1257043583	904642560	724635648	655097120	66279882	215830528	1621	1621	0	1621	1	1	0	1	1122	3670	2548	1129	66	3670	3604	77	528	1340	812	528	528	2264	1736	531	0	0	0	0	0	6840	10	10580	3010	3896	2264	1340	0	70	6840	3010	2160	1670	0	5842	12484	6642	5851
35	205	1371777447	956841984	776957952	753185072	66279882	222285824	1669	1669	0	1669	1	1	0	1	1156	3780	2624	1163	68	3780	3712	79	544	1380	836	544	544	2332	1788	547	0	0	0	0	0	7045	10	10897	3100	4013	2332	1380	0	72	7045	3100	2225	1720	0	6016	12857	6841	6025
36	205	1572398937	923082752	739225600	235979456	66271690	228704256	1717	1717	0	1717	1	1	0	1	1190	3890	2700	1197	70	3890	3820	81	560	1420	860	560	560	2400	1840	563	0	0	0	0	0	7250	10	11214	3190	4130	2400	1420	0	74	7250	3190	2290	1770	0	6190	13230	7040	6199
37	205	1451153362	936226816	752488448	333319872	66271690	235118592	1765	1765	0	1765	1	1	0	1	1224	4000	2776	1231	72	4000	3928	83	576	1460	884	576	576	2468	1892	579	0	0	0	0	0	7455	10	11531	3280	4247	2468	1460	0	76	7455	3280	2355	1820	0	6364	13603	7239	6373
38	205	1379266853	949489664	765751296	428741072	66271690	241577984	1813	1813	0	1813	1	1	0	1	1258	4110	2852	1265	74	4110	4036	85	592	1500	908	592	592	2536	1944	595	0	0	0	0	0	7660	10	11848	3370	4364	2536	1500	0	78	7660	3370	2420	1870	0	6538	13976	7438	6547
39	205	1380586465	963227648	779374592	524022072	66271690	248025088	1861	1861	0	1861	1	1	0	1	1292	4220	2928	1299	76	4220	4144	87	608	1540	932	608	608	2604	1996	611	0	0	0	0	0	7865	10	12165	3460	4481	2604	1540	0	80	7865	3460	2485	1920	0	6712	14349	7637	6721
40	205	1281793092	979742720	793260032	619765296	66279882	254476288	1909	1909	0	1909	1	1	0	1	1326	4330	3004	1333	78	4330	4252	89	624	1580	956	624	624	2672	2048	627	0	0	0	0	0	8070	10	12482	3550	4598	2672	1580	0	82	8070	3550	2550	1970	0	6886	14722	7836	6895
41	205	1424830385	993722368	807084032	715168136	66279882	260890624	1957	1957	0	1957	1	1	0	1	1360	4440	3080	1367	80	4440	4360	91	640	1620	980	640	640	2740	2100	643	0	0	0	0	0	8275	10	12799	3640	4715	2740	1620	0	84	8275	3640	2615	2020	0	7060	15095	8035	7069
42	205	1498747902	1023344640	836173824	810772296	66279882	267304960	2005	2005	0	2005	1	1	0	1	1394	4550	3156	1401	82	4550	4468	93	656	1660	1004	656	656	2808	2152	659	0	0	0	0	0	8480	10	13116	3730	4832	2808	1660	0	86	8480	3730	2680	2070	0	7234	15468	8234	7243
43	205	1461724655	1120034816	933269504	907406976	66279882	273743872	2053	2053	0	2053	1	1	0	1	1428	4660	3232	1435	84	4660	4576	95	672	1700	1028	672	672	2876	2204	675	0	0	0	0	0	8685	10	13433	3820	4949	2876	1700	0	88	8685	3820	2745	2120	0	7408	15841	8433	7417
44	205	1446628614	1037225984	846532608	332633664	66271690	280154112	2101	2101	0	2101	1	1	0	1	1462	4770	3308	1469	86	4770	4684	97	688	1740	1052	688	688	2944	2256	691	0	0	0	0	0	8890	10	13750	3910	5066	2944	1740	0	90	8890	3910	2810	2170	0	7582	16214	8632	7591
45	205	1384960746	1050480640	859799552	427780192	66271690	286588928	2149	2149	0	2149	1	1	0	1	1496	4880	3384	1503	88	4880	4792	99	704	1780	1076	704	704	3012	2308	707	0	0	0	0	0	9095	10	14067	4000	5183	3012	1780	0	92	9095	4000	2875	2220	0	7756	16587	8831	7765
46	205	1297555664	1063723008	873062400	522514808	66271690	293011456	2197	2197	0	2197	1	1	0	1	1530	4990	3460	1537	90	4990	4900	101	720	1820	1100	720	720	3080	2360	723	0	0	0	0	0	9300	10	14384	4090	5300	3080	1820	0	94	9300	4090	2940	2270	0	7930	16960	9030	7939
47	205	1286575779	1077145600	886325248	617188488	66279882	299442176	2245	2245	0	2245	1	1	0	1	1564	5100	3536	1571	92	5100	5008	103	736	1860	1124	736	736	3148	2412	739	0	0	0	0	0	9505	10	14701	4180	5417	3148	1860	0	96	9505	4180	3005	2320	0	8104	17333	9229	8113
48	205	1289982889	1092792320	901689344	714355736	66279882	305893376	2293	2293	0	2293	1	1	0	1	1598	5210	3612	1605	94	5210	5116	105	752	1900	1148	752	752	3216	2464	755	0	0	0	0	0	9710	10	15018	4270	5534	3216	1900	0	98	9710	4270	3070	2370	0	8278	17706	9428	8287
49	205	1287165881	1105719296	914165760	809000832	66279882	312320000	2341	2341	0	2341	1	1	0	1	1632	5320	3688	1639	96	5320	5224	107	768	1940	1172	768	768	3284	2516	771	0	0	0	0	0	9915	10	15335	4360	5651	3284	1940	0	100	9915	4360	3135	2420	0	8452	18079	9627	8461
50	205	1294663862	1124995072	933597184	905687312	66279882	318742528	2389	2389	0	2389	1	1	0	1	1666	5430	3764	1673	98	5430	5332	109	784	1980	1196	784	784	3352	2568	787	0	0	0	0	0	10120	10	15652	4450	5768	3352	1980	0	102	10120	4450	3200	2470	0	8626	18452	9826	8635
51	205	1350794065	1220993024	1028386816	1000535344	66279882	325570560	2437	2437	0	2437	1	1	0	1	1700	5540	3840	1707	100	5540	5440	111	800	2020	1220	800	800	3420	2620	803	0	0	0	0	0	10325	10	15969	4540	5885	3420	2020	0	104	10325	4540	3265	2520	0	8800	18825	10025	8809
52	205	1607208717	1159397376	961265664	320943440	66271690	331739136	2485	2485	0	2485	1	1	0	1	1734	5650	3916	1741	102	5650	5548	113	816	2060	1244	816	816	3488	2672	819	0	0	0	0	0	10530	10	16286	4630	6002	3488	2060	0	106	10530	4630	3330	2570	0	8974	19198	10224	8983
53	205	1430139599	1174634496	976105472	417801032	66279882	338026496	2533	2533	0	2533	1	1	0	1	1768	5760	3992	1775	104	5760	5656	115	832	2100	1268	832	832	3556	2724	835	0	0	0	0	0	10735	10	16603	4720	6119	3556	2100	0	108	10735	4720	3395	2620	0	9148	19571	10423	9157
54	205	1401354992	1187590144	989106176	512582296	66279882	344436736	2581	2581	0	2581	1	1	0	1	1802	5870	4068	1809	106	5870	5764	117	848	2140	1292	848	848	3624	2776	851	0	0	0	0	0	10940	10	16920	4810	6236	3624	2140	0	110	10940	4810	3460	2670	0	9322	19944	10622	9331
55	205	1322698537	1202974720	1004470272	609390808	66279882	350855168	2629	2629	0	2629	1	1	0	1	1836	5980	4144	1843	108	5980	5872	119	864	2180	1316	864	864	3692	2828	867	0	0	0	0	0	11145	10	17237	4900	6353	3692	2180	0	112	11145	4900	3525	2720	0	9496	20317	10821	9505
56	205	1311102369	1215815680	1017208832	705161320	66279882	357683200	2677	2677	0	2677	1	1	0	1	1870	6090	4220	1877	110	6090	5980	121	880	2220	1340	880	880	3760	2880	883	0	0	0	0	0	11350	10	17554	4990	6470	3760	2220	0	114	11350	4990	3590	2770	0	9670	20690	11020	9679
57	205	1328197662	1232457728	1033342976	803390304	66279882	363851776	2725	2725	0	2725	1	1	0	1	1904	6200	4296	1911	112	6200	6088	123	896	2260	1364	896	896	3828	2932	899	0	0	0	0	0	11555	10	17871	5080	6587	3828	2260	0	116	11555	5080	3655	2820	0	9844	21063	11219	9853
58	205	1323430195	1245519872	1046081536	898368344	66279882	370192384	2773	2773	0	2773	1	1	0	1	1938	6310	4372	1945	114	6310	6196	125	912	2300	1388	912	912	3896	2984	915	0	0	0	0	0	11760	10	18188	5170	6704	3896	2300	0	118	11760	5170	3720	2870	0	10018	21436	11418	10027
59	205	1317288507	1259065344	1059082240	992818152	66279882	376639488	2821	2821	0	2821	1	1	0	1	1972	6420	4448	1979	116	6420	6304	127	928	2340	1412	928	928	3964	3036	931	0	0	0	0	0	11965	10	18505	5260	6821	3964	2340	0	120	11965	5260	3785	2920	0	10192	21809	11617	10201
60	205	1376843866	1318715392	1118748672	1089458632	66288074	383078400	2869	2869	0	2869	1	1	0	1	2006	6530	4524	2013	118	6530	6412	129	944	2380	1436	944	944	4032	3088	947	0	0	0	0	0	12170	10	18822	5350	6938	4032	2380	0	122	12170	5350	3850	2970	0	10366	22182	11816	10375
61	205	1756051135	1267642368	1064763392	348073600	66271690	389906432	2917	2917	0	2917	1	1	0	1	2040	6640	4600	2047	120	6640	6520	131	960	2420	1460	960	960	4100	3140	963	0	0	0	0	0	12375	10	19139	5440	7055	4100	2420	0	124	12375	5440	3915	3020	0	10540	22555	12015	10549
62	205	1370530509	1280487424	1077501952	443087672	66271690	396075008	2965	2965	0	2965	1	1	0	1	2074	6750	4676	2081	122	6750	6628	133	976	2460	1484	976	976	4168	3192	979	0	0	0	0	0	12580	10	19456	5530	7172	4168	2460	0	126	12580	5530	3980	3070	0	10714	22928	12214	10723
63	205	1395742396	1293889536	1090764800	538106752	66271690	402341888	3013	3013	0	3013	1	1	0	1	2108	6860	4752	2115	124	6860	6736	135	992	2500	1508	992	992	4236	3244	995	0	0	0	0	0	12785	10	19773	5620	7289	4236	2500	0	128	12785	5620	4045	3120	0	10888	23301	12413	10897
64	205	1452610613	1307377664	1104027648	632657336	66271690	408780800	3061	3061	0	3061	1	1	0	1	2142	6970	4828	2149	126	6970	6844	137	1008	2540	1532	1008	1008	4304	3296	1011	0	0	0	0	0	12990	10	20090	5710	7406	4304	2540	0	130	12990	5710	4110	3170	0	11062	23674	12612	11071
65	205	1366419998	1320660992	1117290496	727569504	66271690	415207424	3109	3109	0	3109	1	1	0	1	2176	7080	4904	2183	128	7080	6952	139	1024	2580	1556	1024	1024	4372	3348	1027	0	0	0	0	0	13195	10	20407	5800	7523	4372	2580	0	132	13195	5800	4175	3220	0	11236	24047	12811	11245
66	205	1365014329	1334403072	1131077632	822307672	66279882	421638144	3157	3157	0	3157	1	1	0	1	2210	7190	4980	2217	130	7190	7060	141	1040	2620	1580	1040	1040	4440	3400	1043	0	0	0	0	0	13400	10	20724	5890	7640	4440	2620	0	134	13400	5890	4240	3270	0	11410	24420	13010	11419
67	205	1357451078	1347821568	1144340480	916470648	66279882	428068864	3205	3205	0	3205	1	1	0	1	2244	7300	5056	2251	132	7300	7168	143	1056	2660	1604	1056	1056	4508	3452	1059	0	0	0	0	0	13605	10	21041	5980	7757	4508	2660	0	136	13605	5980	4305	3320	0	11584	24793	13209	11593
68	205	1359461284	1361190912	1157603328	1011095496	66279882	434487296	3253	3253	0	3253	1	1	0	1	2278	7410	5132	2285	134	7410	7276	145	1072	2700	1628	1072	1072	4576	3504	1075	0	0	0	0	0	13810	10	21358	6070	7874	4576	2700	0	138	13810	6070	4370	3370	0	11758	25166	13408	11767
69	205	1423950386	1375191040	1170866176	1105935496	66279882	440946688	3301	3301	0	3301	1	1	0	1	2312	7520	5208	2319	136	7520	7384	147	1088	2740	1652	1088	1088	4644	3556	1091	0	0	0	0	0	14015	10	21675	6160	7991	4644	2740	0	140	14015	6160	4435	3420	0	11932	25539	13607	11941
70	205	1389016269	1433997312	1229479936	1201052976	66279882	447365120	3349	3349	0	3349	1	1	0	1	2346	7630	5284	2353	138	7630	7492	149	1104	2780	1676	1104	1104	4712	3608	1107	0	0	0	0	0	14220	10	21992	6250	8108	4712	2780	0	142	14220	6250	4500	3470	0	12106	25912	13806	12115
71	205	1627909961	1352642560	1140514816	430577344	66271690	453767168	3397	3397	0	3397	1	1	0	1	2380	7740	5360	2387	140	7740	7600	151	1120	2820	1700	1120	1120	4780	3660	1123	0	0	0	0	0	14425	10	22309	6340	8225	4780	2820	0	144	14425	6340	4565	3520	0	12280	26285	14005	12289
72	205	1366153157	1365372928	1152991232	525626648	66271690	460189696	3445	3445	0	3445	1	1	0	1	2414	7850	5436	2421	142	7850	7708	153	1136	2860	1724	1136	1136	4848	3712	1139	0	0	0	0	0	14630	10	22626	6430	8342	4848	2860	0	146	14630	6430	4630	3570	0	12454	26658	14204	12463
73	205	1464043297	1378152448	1165729792	619995456	66279882	466628608	3493	3493	0	3493	1	1	0	1	2448	7960	5512	2455	144	7960	7816	155	1152	2900	1748	1152	1152	4916	3764	1155	0	0	0	0	0	14835	10	22943	6520	8459	4916	2900	0	148	14835	6520	4695	3620	0	12628	27031	14403	12637
74	205	1410842472	1391218688	1178730496	713585600	66279882	473051136	3541	3541	0	3541	1	1	0	1	2482	8070	5588	2489	146	8070	7924	157	1168	2940	1772	1168	1168	4984	3816	1171	0	0	0	0	0	15040	10	23260	6610	8576	4984	2940	0	150	15040	6610	4760	3670	0	12802	27404	14602	12811
75	205	1416532683	1404813312	1192255488	807920280	66279882	479490048	3589	3589	0	3589	1	1	0	1	2516	8180	5664	2523	148	8180	8032	159	1184	2980	1796	1184	1184	5052	3868	1187	0	0	0	0	0	15245	10	23577	6700	8693	5052	2980	0	152	15245	6700	4825	3720	0	12976	27777	14801	12985
76	205	1379554243	1417904128	1205256192	902782896	66279882	485916672	3637	3637	0	3637	1	1	0	1	2550	8290	5740	2557	150	8290	8140	161	1200	3020	1820	1200	1200	5120	3920	1203	0	0	0	0	0	15450	10	23894	6790	8810	5120	3020	0	154	15450	6790	4890	3770	0	13150	28150	15000	13159
77	205	1375367773	1430761472	1217994752	997268800	66279882	492367872	3685	3685	0	3685	1	1	0	1	2584	8400	5816	2591	152	8400	8248	163	1216	3060	1844	1216	1216	5188	3972	1219	0	0	0	0	0	15655	10	24211	6880	8927	5188	3060	0	156	15655	6880	4955	3820	0	13324	28523	15199	13333
78	205	1487077714	1444147200	1231257600	1092440104	66279882	498798592	3733	3733	0	3733	1	1	0	1	2618	8510	5892	2625	154	8510	8356	165	1232	3100	1868	1232	1232	5256	4024	1235	0	0	0	0	0	15860	10	24528	6970	9044	5256	3100	0	158	15860	6970	5020	3870	0	13498	28896	15398	13507
79	205	1376582188	1458085888	1244258304	1187167616	66279882	505212928	3781	3781	0	3781	1	1	0	1	2652	8620	5968	2659	156	8620	8464	167	1248	3140	1892	1248	1248	5324	4076	1251	0	0	0	0	0	16065	10	24845	7060	9161	5324	3140	0	160	16065	7060	5085	3920	0	13672	29269	15597	13681
80	205	1624806321	1388208128	1173372928	428298800	66271690	511668224	3829	3829	0	3829	1	1	0	1	2686	8730	6044	2693	158	8730	8572	169	1264	3180	1916	1264	1264	5392	4128	1267	0	0	0	0	0	16270	10	25162	7150	9278	5392	3180	0	162	16270	7150	5150	3970	0	13846	29642	15796	13855
81	205	1359555874	1401065472	1186111488	523934544	66271690	518074368	3877	3877	0	3877	1	1	0	1	2720	8840	6120	2727	160	8840	8680	171	1280	3220	1940	1280	1280	5460	4180	1283	0	0	0	0	0	16475	10	25479	7240	9395	5460	3220	0	164	16475	7240	5215	4020	0	14020	30015	15995	14029
82	205	1372687619	1415622656	1200160768	619165928	66271690	524509184	3925	3925	0	3925	1	1	0	1	2754	8950	6196	2761	162	8950	8788	173	1296	3260	1964	1296	1296	5528	4232	1299	0	0	0	0	0	16680	10	25796	7330	9512	5528	3260	0	166	16680	7330	5280	4070	0	14194	30388	16194	14203
83	205	1506922377	1428770816	1213161472	714085512	66271690	530935808	3973	3973	0	3973	1	1	0	1	2788	9060	6272	2795	164	9060	8896	175	1312	3300	1988	1312	1312	5596	4284	1315	0	0	0	0	0	16885	10	26113	7420	9629	5596	3300	0	168	16885	7420	5345	4120	0	14368	30761	16393	14377
84	205	1387180313	1442398208	1226686464	809441392	66271690	537378816	4021	4021	0	4021	1	1	0	1	2822	9170	6348	2829	166	9170	9004	177	1328	3340	2012	1328	1328	5664	4336	1331	0	0	0	0	0	17090	10	26430	7510	9746	5664	3340	0	170	17090	7510	5410	4170	0	14542	31134	16592	14551
85	205	1426516677	1455403008	1239687168	904714656	66271690	543821824	4069	4069	0	4069	1	1	0	1	2856	9280	6424	2863	168	9280	9112	179	1344	3380	2036	1344	1344	5732	4388	1347	0	0	0	0	0	17295	10	26747	7600	9863	5732	3380	0	172	17295	7600	5475	4220	0	14716	31507	16791	14725
86	205	1414284461	1468747776	1252950016	999644040	66279882	550236160	4117	4117	0	4117	1	1	0	1	2890	9390	6500	2897	170	9390	9220	181	1360	3420	2060	1360	1360	5800	4440	1363	0	0	0	0	0	17500	10	27064	7690	9980	5800	3420	0	174	17500	7690	5540	4270	0	14890	31880	16990	14899
87	205	1378599210	1484419072	1267134464	1094534120	66279882	556650496	4165	4165	0	4165	1	1	0	1	2924	9500	6576	2931	172	9500	9328	183	1376	3460	2084	1376	1376	5868	4492	1379	0	0	0	0	0	17705	10	27381	7780	10097	5868	3460	0	176	17705	7780	5605	4320	0	15064	32253	17189	15073
88	205	1393847790	1497890816	1280663552	1190129080	66279882	563089408	4213	4213	0	4213	1	1	0	1	2958	9610	6652	2965	174	9610	9436	185	1392	3500	2108	1392	1392	5936	4544	1395	0	0	0	0	0	17910	10	27698	7870	10214	5936	3500	0	178	17910	7870	5670	4370	0	15238	32626	17388	15247
89	205	1759072165	1419374592	1196314624	439434208	66271690	569540608	4261	4261	0	4261	1	1	0	1	2992	9720	6728	2999	176	9720	9544	187	1408	3540	2132	1408	1408	6004	4596	1411	0	0	0	0	0	18115	10	28015	7960	10331	6004	3540	0	180	18115	7960	5735	4420	0	15412	32999	17587	15421
90	205	1464536312	1433153536	1210105856	536874104	66271690	575967232	4309	4309	0	4309	1	1	0	1	3026	9830	6804	3033	178	9830	9652	189	1424	3580	2156	1424	1424	6072	4648	1427	0	0	0	0	0	18320	10	28332	8050	10448	6072	3580	0	182	18320	8050	5800	4470	0	15586	33372	17786	15595
91	205	1445189724	1447964672	1223630848	632108400	66271690	582402048	4357	4357	0	4357	1	1	0	1	3060	9940	6880	3067	180	9940	9760	191	1440	3620	2180	1440	1440	6140	4700	1443	0	0	0	0	0	18525	10	28649	8140	10565	6140	3620	0	184	18525	8140	5865	4520	0	15760	33745	17985	15769
92	205	1428065359	1461456896	1237155840	726537848	66271690	588824576	4405	4405	0	4405	1	1	0	1	3094	10050	6956	3101	182	10050	9868	193	1456	3660	2204	1456	1456	6208	4752	1459	0	0	0	0	0	18730	10	28966	8230	10682	6208	3660	0	186	18730	8230	5930	4570	0	15934	34118	18184	15943
93	205	1416330660	1474842624	1250553856	821459960	66279882	595259392	4453	4453	0	4453	1	1	0	1	3128	10160	7032	3135	184	10160	9976	195	1472	3700	2228	1472	1472	6276	4804	1475	0	0	0	0	0	18935	10	29283	8320	10799	6276	3700	0	188	18935	8320	5995	4620	0	16108	34491	18383	16117
94	205	1584266391	1488220160	1263816704	916102440	66279882	601657344	4501	4501	0	4501	1	1	0	1	3162	10270	7108	3169	186	10270	10084	197	1488	3740	2252	1488	1488	6344	4856	1491	0	0	0	0	0	19140	10	29600	8410	10916	6344	3740	0	190	19140	8410	6060	4670	0	16282	34864	18582	16291
95	205	1415050311	1501749248	1277341696	1011281496	66279882	608071680	4549	4549	0	4549	1	1	0	1	3196	10380	7184	3203	188	10380	10192	199	1504	3780	2276	1504	1504	6412	4908	1507	0	0	0	0	0	19345	10	29917	8500	11033	6412	3780	0	192	19345	8500	6125	4720	0	16456	35237	18781	16465
96	205	1431689293	1515429888	1290866688	1105969520	66279882	614498304	4597	4597	0	4597	1	1	0	1	3230	10490	7260	3237	190	10490	10300	201	1520	3820	2300	1520	1520	6480	4960	1523	0	0	0	0	0	19550	10	30234	8590	11150	6480	3820	0	194	19550	8590	6190	4770	0	16630	35610	18980	16639
97	205	1395032680	1528561664	1303867392	1200733688	66279882	620916736	4645	4645	0	4645	1	1	0	1	3264	10600	7336	3271	192	10600	10408	203	1536	3860	2324	1536	1536	6548	5012	1539	0	0	0	0	0	19755	10	30551	8680	11267	6548	3860	0	196	19755	8680	6255	4820	0	16804	35983	19179	16813
98	205	1613387863	1444614144	1212559360	465988168	66271690	627347456	4693	4693	0	4693	1	1	0	1	3298	10710	7412	3305	194	10710	10516	205	1552	3900	2348	1552	1552	6616	5064	1555	0	0	0	0	0	19960	10	30868	8770	11384	6616	3900	0	198	19960	8770	6320	4870	0	16978	36356	19378	16987
99	205	1440727823	1459073024	1226874880	562442200	66279882	633786368	4741	4741	0	4741	1	1	0	1	3332	10820	7488	3339	196	10820	10624	207	1568	3940	2372	1568	1568	6684	5116	1571	0	0	0	0	0	20165	10	31185	8860	11501	6684	3940	0	200	20165	8860	6385	4920	0	17152	36729	19577	17161
100	205	1506423896	1476304896	1244073984	661528336	66279882	640208896	4789	4789	0	4789	1	1	0	1	3366	10930	7564	3373	198	10930	10732	209	1584	3980	2396	1584	1584	6752	5168	1587	0	0	0	0	0	20370	10	31502	8950	11618	6752	3980	0	202	20370	8950	6450	4970	0	17326	37102	19776	17335
101	205	1410845891	1489326080	1257074688	755836976	66279882	646631424	4837	4837	0	4837	1	1	0	1	3400	11040	7640	3407	200	11040	10840	211	1600	4020	2420	1600	1600	6820	5220	1603	0	0	0	0	0	20575	10	31819	9040	11735	6820	4020	0	204	20575	9040	6515	5020	0	17500	37475	19975	17509
