block	steps	btime	rss	heapTotal	heapUsed	external	disk	kernelObjects	kernelObjectsUp	kernelObjectsDown	kernelObjectsMax	kernelDevices	kernelDevicesUp	kernelDevicesDown	kernelDevicesMax	kernelPromises	kernelPromisesUp	kernelPromisesDown	kernelPromisesMax	kpUnresolved	kpUnresolvedUp	kpUnresolvedDown	kpUnresolvedMax	kpFulfilledToPresence	kpFulfilledToPresenceUp	kpFulfilledToPresenceDown	kpFulfilledToPresenceMax	kpFulfilledToData	kpFulfilledToDataUp	kpFulfilledToDataDown	kpFulfilledToDataMax	kpRejected	kpRejectedUp	kpRejectedDown	kpRejectedMax	runQueueLength	runQueueLengthUp	runQueueLengthMax	syscalls	syscallSend	syscallSubscribe	syscallFulfillToData	syscallFulfillToPresence	syscallReject	syscallCallNow	dispatches	dispatchDeliver	dispatchNotifyFulfillToData	dispatchNotifyFulfillToPresence	dispatchReject	clistEntries	clistEntriesUp	clistEntriesDown	clistEntriesMax
1	47	58967494	333148160	207585280	187524816	65886511	1744896	26	26	0	26	1	1	0	1	0	24	24	8	0	24	24	8	0	15	15	4	0	9	9	2	0	0	0	0	0	47	6	71	24	23	9	15	0	0	47	24	8	15	0	63	110	47	65
2	215	1795298138	357158912	222425088	88586384	65944010	8908800	76	76	0	76	1	1	0	1	34	139	105	40	2	139	137	12	16	59	43	16	16	78	62	19	0	0	0	0	0	262	10	403	119	145	78	59	0	2	262	119	74	69	0	247	503	256	254
3	203	1299155176	373116928	235560960	176762072	65944010	16105472	124	124	0	124	1	1	0	1	68	248	180	74	4	248	244	14	32	99	67	32	32	145	113	35	0	0	0	0	0	465	10	717	208	261	145	99	0	4	465	208	138	119	0	421	874	453	428
4	203	1245787761	448901120	306741248	269545408	65944010	22933504	172	172	0	172	1	1	0	1	102	357	255	108	6	357	351	16	48	139	91	48	48	212	164	51	0	0	0	0	0	668	10	1031	297	377	212	139	0	6	668	297	202	169	0	595	1245	650	602
5	203	1235242954	425971712	280653824	158094000	65944010	29212672	220	220	0	220	1	1	0	1	136	466	330	142	8	466	458	18	64	179	115	64	64	279	215	67	0	0	0	0	0	871	10	1345	386	493	279	179	0	8	871	386	266	219	0	769	1616	847	776
6	203	1173558566	442294272	293392384	242679840	65952202	35672064	268	268	0	268	1	1	0	1	170	575	405	176	10	575	565	20	80	219	139	80	80	346	266	83	0	0	0	0	0	1074	10	1659	475	609	346	219	0	10	1074	475	330	269	0	943	1987	1044	950
7	203	1205658959	517574656	367788032	344545344	65952202	42106880	316	316	0	316	1	1	0	1	204	684	480	210	12	684	672	22	96	259	163	96	96	413	317	99	0	0	0	0	0	1277	10	1973	564	725	413	259	0	12	1277	564	394	319	0	1117	2358	1241	1124
8	203	1278826318	495476736	342663168	170603984	65944010	48533504	364	364	0	364	1	1	0	1	238	793	555	244	14	793	779	24	112	299	187	112	112	480	368	115	0	0	0	0	0	1480	10	2287	653	841	480	299	0	14	1480	653	458	369	0	1291	2729	1438	1298
9	203	1231867911	510717952	357629952	271693408	65944010	54956032	412	412	0	412	1	1	0	1	272	902	630	278	16	902	886	26	128	339	211	128	128	547	419	131	0	0	0	0	0	1683	10	2601	742	957	547	339	0	16	1683	742	522	419	0	1465	3100	1635	1472
10	203	1184355470	540282880	384573440	355900136	65944010	61390848	460	460	0	460	1	1	0	1	306	1011	705	312	18	1011	993	28	144	379	235	144	144	614	470	147	0	0	0	0	0	1886	10	2915	831	1073	614	379	0	18	1886	831	586	469	0	1639	3471	1832	1646
11	203	1276654156	554467328	396066816	136417456	65944010	67817472	508	508	0	508	1	1	0	1	340	1120	780	346	20	1120	1100	30	160	419	259	160	160	681	521	163	0	0	0	0	0	2089	10	3229	920	1189	681	419	0	20	2089	920	650	519	0	1813	3842	2029	1820
12	203	1170217041	571883520	412213248	238808360	65944010	74219520	556	556	0	556	1	1	0	1	374	1229	855	380	22	1229	1207	32	176	459	283	176	176	748	572	179	0	0	0	0	0	2292	10	3543	1009	1305	748	459	0	22	2292	1009	714	569	0	1987	4213	2226	1994
13	203	1165910077	588300288	427057152	324041864	65952202	80662528	604	604	0	604	1	1	0	1	408	1338	930	414	24	1338	1314	34	192	499	307	192	192	815	623	195	0	0	0	0	0	2495	10	3857	1098	1421	815	499	0	24	2495	1098	778	619	0	2161	4584	2423	2168
14	203	1148018711	604856320	444485632	408152864	65952202	87093248	652	652	0	652	1	1	0	1	442	1447	1005	448	26	1447	1421	36	208	539	331	208	208	882	674	211	0	0	0	0	0	2698	10	4171	1187	1537	882	539	0	26	2698	1187	842	669	0	2335	4955	2620	2342
15	203	1290478611	619962368	456978432	145809216	65944010	93528064	700	700	0	700	1	1	0	1	476	1556	1080	482	28	1556	1528	38	224	579	355	224	224	949	725	227	0	0	0	0	0	2901	10	4485	1276	1653	949	579	0	28	2901	1276	906	719	0	2509	5326	2817	2516
16	203	1273617611	634056704	470241280	227868864	65944010	99954688	748	748	0	748	1	1	0	1	510	1665	1155	516	30	1665	1635	40	240	619	379	240	240	1016	776	243	0	0	0	0	0	3104	10	4799	1365	1769	1016	619	0	30	3104	1365	970	769	0	2683	5697	3014	2690
17	203	1216605892	646918144	482979840	326685952	65944010	106377216	796	796	0	796	1	1	0	1	544	1774	1230	550	32	1774	1742	42	256	659	403	256	256	1083	827	259	0	0	0	0	0	3307	10	5113	1454	1885	1083	659	0	32	3307	1454	1034	819	0	2857	6068	3211	2864
18	203	1212967784	661970944	497655808	412700456	65944010	112824320	844	844	0	844	1	1	0	1	578	1883	1305	584	34	1883	1849	44	272	699	427	272	272	1150	878	275	0	0	0	0	0	3510	10	5427	1543	2001	1150	699	0	34	3510	1543	1098	869	0	3031	6439	3408	3038
19	203	1249493282	691609600	527433728	495812328	65944010	119259136	892	892	0	892	1	1	0	1	612	1992	1380	618	36	1992	1956	46	288	739	451	288	288	1217	929	291	0	0	0	0	0	3713	10	5741	1632	2117	1217	739	0	36	3713	1632	1162	919	0	3205	6810	3605	3212
20	203	1426094823	690925568	523436032	190439896	65944010	125669376	940	940	0	940	1	1	0	1	646	2101	1455	652	38	2101	2063	48	304	779	475	304	304	1284	980	307	0	0	0	0	0	3916	10	6055	1721	2233	1284	779	0	38	3916	1721	1226	969	0	3379	7181	3802	3386
21	203	1207008753	704598016	536932352	289129208	65944010	132116480	988	988	0	988	1	1	0	1	680	2210	1530	686	40	2210	2170	50	320	819	499	320	320	1351	1031	323	0	0	0	0	0	4119	10	6369	1810	2349	1351	819	0	40	4119	1810	1290	1019	0	3553	7552	3999	3560
22	203	1242870444	719413248	551636992	374001336	65944010	138530816	1036	1036	0	1036	1	1	0	1	714	2319	1605	720	42	2319	2277	52	336	859	523	336	336	1418	1082	339	0	0	0	0	0	4322	10	6683	1899	2465	1418	859	0	42	4322	1899	1354	1069	0	3727	7923	4196	3734
23	203	1235324815	732553216	564772864	457547392	65944010	144936960	1084	1084	0	1084	1	1	0	1	748	2428	1680	754	44	2428	2384	54	352	899	547	352	352	1485	1133	355	0	0	0	0	0	4525	10	6997	1988	2581	1485	899	0	44	4525	1988	1418	1119	0	3901	8294	4393	3908
24	203	1182578044	746975232	578469888	556039912	65944010	151379968	1132	1132	0	1132	1	1	0	1	782	2537	1755	788	46	2537	2491	56	368	939	571	368	368	1552	1184	371	0	0	0	0	0	4728	10	7311	2077	2697	1552	939	0	46	4728	2077	1482	1169	0	4075	8665	4590	4082
25	203	1276486214	838557696	669503488	640539536	65944010	157814784	1180	1180	0	1180	1	1	0	1	816	2646	1830	822	48	2646	2598	58	384	979	595	384	384	1619	1235	387	0	0	0	0	0	4931	10	7625	2166	2813	1619	979	0	48	4931	2166	1546	1219	0	4249	9036	4787	4256
26	203	1351105393	782020608	607338496	262054352	65944010	164225024	1228	1228	0	1228	1	1	0	1	850	2755	1905	856	50	2755	2705	60	400	1019	619	400	400	1686	1286	403	0	0	0	0	0	5134	10	7939	2255	2929	1686	1019	0	50	5134	2255	1610	1269	0	4423	9407	4984	4430
27	203	1225625910	796061696	621129728	345642896	65952202	170643456	1276	1276	0	1276	1	1	0	1	884	2864	1980	890	52	2864	2812	62	416	1059	643	416	416	1753	1337	419	0	0	0	0	0	5337	10	8253	2344	3045	1753	1059	0	52	5337	2344	1674	1319	0	4597	9778	5181	4604
28	203	1233700168	812548096	637284352	445787752	65952202	177053696	1324	1324	0	1324	1	1	0	1	918	2973	2055	924	54	2973	2919	64	432	1099	667	432	432	1820	1388	435	0	0	0	0	0	5540	10	8567	2433	3161	1820	1099	0	54	5540	2433	1738	1369	0	4771	10149	5378	4778
29	203	1233030703	828669952	653152256	531340240	65952202	183484416	1372	1372	0	1372	1	1	0	1	952	3082	2130	958	56	3082	3026	66	448	1139	691	448	448	1887	1439	451	0	0	0	0	0	5743	10	8881	2522	3277	1887	1139	0	56	5743	2522	1802	1419	0	4945	10520	5575	4952
30	203	1279294287	842821632	665862144	613903152	65952202	189915136	1420	1420	0	1420	1	1	0	1	986	3191	2205	992	58	3191	3133	68	464	1179	715	464	464	1954	1490	467	0	0	0	0	0	5946	10	9195	2611	3393	1954	1179	0	58	5946	2611	1866	1469	0	5119	10891	5772	5126
31	203	1263014899	914362368	737435648	713559544	65952202	196358144	1468	1468	0	1468	1	1	0	1	1020	3300	2280	1026	60	3300	3240	70	480	1219	739	480	480	2021	1541	483	0	0	0	0	0	6149	10	9509	2700	3509	2021	1219	0	60	6149	2700	1930	1519	0	5293	11262	5969	5300
32	203	1452807023	878977024	695754752	234569472	65944010	202801152	1516	1516	0	1516	1	1	0	1	1054	3409	2355	1060	62	3409	3347	72	496	1259	763	496	496	2088	1592	499	0	0	0	0	0	6352	10	9823	2789	3625	2088	1259	0	62	6352	2789	1994	1569	0	5467	11633	6166	5474
33	203	1246908799	893751296	710410240	334688200	65952202	209248256	1564	1564	0	1564	1	1	0	1	1088	3518	2430	1094	64	3518	3454	74	512	1299	787	512	512	2155	1643	515	0	0	0	0	0	6555	10	10137	2878	3741	2155	1299	0	64	6555	2878	2058	1619	0	5641	12004	6363	5648
34	203	1286240781	906870784	723410944	417387560	65952202	215650304	1612	1612	0	1612	1	1	0	1	1122	3627	2505	1128	66	3627	3561	76	528	1339	811	528	528	2222	1694	531	0	0	0	0	0	6758	10	10451	2967	3857	2222	1339	0	66	6758	2967	2122	1669	0	5815	12375	6560	5822
35	203	1227393312	921698304	736940032	515451744	65952202	222072832	1660	1660	0	1660	1	1	0	1	1156	3736	2580	1162	68	3736	3668	78	544	1379	835	544	544	2289	1745	547	0	0	0	0	0	6961	10	10765	3056	3973	2289	1379	0	68	6961	3056	2186	1719	0	5989	12746	6757	5996
36	203	1244907776	936624128	751878144	600184192	65952202	228503552	1708	1708	0	1708	1	1	0	1	1190	3845	2655	1196	70	3845	3775	80	560	1419	859	560	560	2356	1796	563	0	0	0	0	0	7164	10	11079	3145	4089	2356	1419	0	70	7164	3145	2250	1769	0	6163	13117	6954	6170
37	203	1277532563	950267904	765140992	683452672	65952202	234905600	1756	1756	0	1756	1	1	0	1	1224	3954	2730	1230	72	3954	3882	82	576	1459	883	576	576	2423	1847	579	0	0	0	0	0	7367	10	11393	3234	4205	2423	1459	0	72	7367	3234	2314	1819	0	6337	13488	7151	6344
38	203	1269995765	991637504	806567936	782314784	65952202	241352704	1804	1804	0	1804	1	1	0	1	1258	4063	2805	1264	74	4063	3989	84	592	1499	907	592	592	2490	1898	595	0	0	0	0	0	7570	10	11707	3323	4321	2490	1499	0	74	7570	3323	2378	1869	0	6511	13859	7348	6518
39	203	1379797992	1081270272	896024576	865529456	65952202	247791616	1852	1852	0	1852	1	1	0	1	1292	4172	2880	1298	76	4172	4096	86	608	1539	931	608	608	2557	1949	611	0	0	0	0	0	7773	10	12021	3412	4437	2557	1539	0	76	7773	3412	2442	1919	0	6685	14230	7545	6692
40	203	1485372065	992698368	804069376	319886112	65952202	254218240	1900	1900	0	1900	1	1	0	1	1326	4281	2955	1332	78	4281	4203	88	624	1579	955	624	624	2624	2000	627	0	0	0	0	0	7976	10	12335	3501	4553	2624	1579	0	78	7976	3501	2506	1969	0	6859	14601	7742	6866
41	203	1294626581	1006186496	817332224	402663352	65952202	260665344	1948	1948	0	1948	1	1	0	1	1360	4390	3030	1366	80	4390	4310	90	640	1619	979	640	640	2691	2051	643	0	0	0	0	0	8179	10	12649	3590	4669	2691	1619	0	80	8179	3590	2570	2019	0	7033	14972	7939	7040
42	203	1411463050	1020370944	831291392	500265184	65952202	267091968	1996	1996	0	1996	1	1	0	1	1394	4499	3105	1400	82	4499	4417	92	656	1659	1003	656	656	2758	2102	659	0	0	0	0	0	8382	10	12963	3679	4785	2758	1659	0	82	8382	3679	2634	2069	0	7207	15343	8136	7214
43	203	1267243427	1034719232	845250560	583642048	65952202	273485824	2044	2044	0	2044	1	1	0	1	1428	4608	3180	1434	84	4608	4524	94	672	1699	1027	672	672	2825	2153	675	0	0	0	0	0	8585	10	13277	3768	4901	2825	1699	0	84	8585	3768	2698	2119	0	7381	15714	8333	7388
44	203	1288956838	1048096768	858484736	666436832	65952202	279924736	2092	2092	0	2092	1	1	0	1	1462	4717	3255	1468	86	4717	4631	96	688	1739	1051	688	688	2892	2204	691	0	0	0	0	0	8788	10	13591	3857	5017	2892	1739	0	86	8788	3857	2762	2169	0	7555	16085	8530	7562
45	203	1355223187	1063124992	873349120	766598776	65952202	286347264	2140	2140	0	2140	1	1	0	1	1496	4826	3330	1502	88	4826	4738	98	704	1779	1075	704	704	2959	2255	707	0	0	0	0	0	8991	10	13905	3946	5133	2959	1779	0	88	8991	3946	2826	2219	0	7729	16456	8727	7736
46	203	1304345856	1076363264	886398976	849003336	65952202	292782080	2188	2188	0	2188	1	1	0	1	1530	4935	3405	1536	90	4935	4845	100	720	1819	1099	720	720	3026	2306	723	0	0	0	0	0	9194	10	14219	4035	5249	3026	1819	0	90	9194	4035	2890	2269	0	7903	16827	8924	7910
47	203	1371632254	1159938048	969916416	931461080	65960394	299212800	2236	2236	0	2236	1	1	0	1	1564	5044	3480	1570	92	5044	4952	102	736	1859	1123	736	736	3093	2357	739	0	0	0	0	0	9397	10	14533	4124	5365	3093	1859	0	92	9397	4124	2954	2319	0	8077	17198	9121	8084
48	203	1574406208	1103974400	903634944	303198064	65944010	305647616	2284	2284	0	2284	1	1	0	1	1598	5153	3555	1604	94	5153	5059	104	752	1899	1147	752	752	3160	2408	755	0	0	0	0	0	9600	10	14847	4213	5481	3160	1899	0	94	9600	4213	3018	2369	0	8251	17569	9318	8258
49	203	1325665126	1117048832	916606976	386688616	65944010	312094720	2332	2332	0	2332	1	1	0	1	1632	5262	3630	1638	96	5262	5166	106	768	1939	1171	768	768	3227	2459	771	0	0	0	0	0	9803	10	15161	4302	5597	3227	1939	0	96	9803	4302	3082	2419	0	8425	17940	9515	8432
50	203	1320429771	1132015616	931426304	485962264	65944010	318541824	2380	2380	0	2380	1	1	0	1	1666	5371	3705	1672	98	5371	5273	108	784	1979	1195	784	784	3294	2510	787	0	0	0	0	0	10006	10	15475	4391	5713	3294	1979	0	98	10006	4391	3146	2469	0	8599	18311	9712	8606
51	203	1329302574	1147346944	946790400	570589608	65944010	324952064	2428	2428	0	2428	1	1	0	1	1700	5480	3780	1706	100	5480	5380	110	800	2019	1219	800	800	3361	2561	803	0	0	0	0	0	10209	10	15789	4480	5829	3361	2019	0	100	10209	4480	3210	2519	0	8773	18682	9909	8780
52	203	1292455657	1160679424	960053248	668049112	65944010	331358208	2476	2476	0	2476	1	1	0	1	1734	5589	3855	1740	102	5589	5487	112	816	2059	1243	816	816	3428	2612	819	0	0	0	0	0	10412	10	16103	4569	5945	3428	2059	0	102	10412	4569	3274	2569	0	8947	19053	10106	8954
53	203	1306807626	1176793088	976113664	753169504	65952202	337760256	2524	2524	0	2524	1	1	0	1	1768	5698	3930	1774	104	5698	5594	114	832	2099	1267	832	832	3495	2663	835	0	0	0	0	0	10615	10	16417	4658	6061	3495	2099	0	104	10615	4658	3338	2619	0	9121	19424	10303	9128
54	203	1317455086	1189728256	988852224	835350376	65952202	344207360	2572	2572	0	2572	1	1	0	1	1802	5807	4005	1808	106	5807	5701	116	848	2139	1291	848	848	3562	2714	851	0	0	0	0	0	10818	10	16731	4747	6177	3562	2139	0	106	10818	4747	3402	2669	0	9295	19795	10500	9302
55	203	1298106368	1203814400	1002287104	933099792	65952202	350642176	2620	2620	0	2620	1	1	0	1	1836	5916	4080	1842	108	5916	5808	118	864	2179	1315	864	864	3629	2765	867	0	0	0	0	0	11021	10	17045	4836	6293	3629	2179	0	108	11021	4836	3466	2719	0	9469	20166	10697	9476
56	203	1376266213	1251393536	1050468352	1017401344	65952202	357081088	2668	2668	0	2668	1	1	0	1	1870	6025	4155	1876	110	6025	5915	120	880	2219	1339	880	880	3696	2816	883	0	0	0	0	0	11224	10	17359	4925	6409	3696	2219	0	110	11224	4925	3530	2769	0	9643	20537	10894	9650
57	203	1541774773	1358708736	1157308416	1134533216	65952202	363499520	2716	2716	0	2716	1	1	0	1	1904	6134	4230	1910	112	6134	6022	122	896	2259	1363	896	896	3763	2867	899	0	0	0	0	0	11427	10	17673	5014	6525	3763	2259	0	112	11427	5014	3594	2819	0	9817	20908	11091	9824
58	203	1634822890	1234661376	1027158016	393105168	65944010	369942528	2764	2764	0	2764	1	1	0	1	1938	6243	4305	1944	114	6243	6129	124	912	2299	1387	912	912	3830	2918	915	0	0	0	0	0	11630	10	17987	5103	6641	3830	2299	0	114	11630	5103	3658	2869	0	9991	21279	11288	9998
59	203	1337481163	1250873344	1041784832	492361704	65944010	376381440	2812	2812	0	2812	1	1	0	1	1972	6352	4380	1978	116	6352	6236	126	928	2339	1411	928	928	3897	2969	931	0	0	0	0	0	11833	10	18301	5192	6757	3897	2339	0	116	11833	5192	3722	2919	0	10165	21650	11485	10172
60	203	1361456820	1266585600	1057460224	576760064	65952202	382816256	2860	2860	0	2860	1	1	0	1	2006	6461	4455	2012	118	6461	6343	128	944	2379	1435	944	944	3964	3020	947	0	0	0	0	0	12036	10	18615	5281	6873	3964	2379	0	118	12036	5281	3786	2969	0	10339	22021	11682	10346
61	203	1371221691	1284714496	1075154944	663759752	65952202	389218304	2908	2908	0	2908	1	1	0	1	2040	6570	4530	2046	120	6570	6450	130	960	2419	1459	960	960	4031	3071	963	0	0	0	0	0	12239	10	18929	5370	6989	4031	2419	0	120	12239	5370	3850	3019	0	10513	22392	11879	10520
62	203	1334798196	1299783680	1090306048	762930056	65952202	395657216	2956	2956	0	2956	1	1	0	1	2074	6679	4605	2080	122	6679	6557	132	976	2459	1483	976	976	4098	3122	979	0	0	0	0	0	12442	10	19243	5459	7105	4098	2459	0	122	12442	5459	3914	3069	0	10687	22763	12076	10694
63	203	1395134842	1312673792	1103044608	845396920	65952202	402059264	3004	3004	0	3004	1	1	0	1	2108	6788	4680	2114	124	6788	6664	134	992	2499	1507	992	992	4165	3173	995	0	0	0	0	0	12645	10	19557	5548	7221	4165	2499	0	124	12645	5548	3978	3119	0	10861	23134	12273	10868
64	203	1365609776	1326526464	1116975104	944302848	65952202	408514560	3052	3052	0	3052	1	1	0	1	2142	6897	4755	2148	126	6897	6771	136	1008	2539	1531	1008	1008	4232	3224	1011	0	0	0	0	0	12848	10	19871	5637	7337	4232	2539	0	126	12848	5637	4042	3169	0	11035	23505	12470	11042
65	203	1450277503	1341575168	1130672128	1027929800	65952202	415342592	3100	3100	0	3100	1	1	0	1	2176	7006	4830	2182	128	7006	6878	138	1024	2579	1555	1024	1024	4299	3275	1027	0	0	0	0	0	13051	10	20185	5726	7453	4299	2579	0	128	13051	5726	4106	3219	0	11209	23876	12667	11216
66	203	1390981907	1358307328	1147342848	1111079024	65960394	421511168	3148	3148	0	3148	1	1	0	1	2210	7115	4905	2216	130	7115	6985	140	1040	2619	1579	1040	1040	4366	3326	1043	0	0	0	0	0	13254	10	20499	5815	7569	4366	2619	0	130	13254	5815	4170	3269	0	11383	24247	12864	11390
67	203	1406036070	1448173568	1236942848	1210732376	65960394	427823104	3196	3196	0	3196	1	1	0	1	2244	7224	4980	2250	132	7224	7092	142	1056	2659	1603	1056	1056	4433	3377	1059	0	0	0	0	0	13457	10	20813	5904	7685	4433	2659	0	132	13457	5904	4234	3319	0	11557	24618	13061	11564
68	203	1575103351	1332031488	1112584192	429403376	65944010	434233344	3244	3244	0	3244	1	1	0	1	2278	7333	5055	2284	134	7333	7199	144	1072	2699	1627	1072	1072	4500	3428	1075	0	0	0	0	0	13660	10	21127	5993	7801	4500	2699	0	134	13660	5993	4298	3369	0	11731	24989	13258	11738
69	203	1342730236	1346355200	1127239680	528222928	65944010	440655872	3292	3292	0	3292	1	1	0	1	2312	7442	5130	2318	136	7442	7306	146	1088	2739	1651	1088	1088	4567	3479	1091	0	0	0	0	0	13863	10	21441	6082	7917	4567	2739	0	136	13863	6082	4362	3419	0	11905	25360	13455	11912
70	203	1461110766	1359241216	1139978240	610871408	65944010	447483904	3340	3340	0	3340	1	1	0	1	2346	7551	5205	2352	138	7551	7413	148	1104	2779	1675	1104	1104	4634	3530	1107	0	0	0	0	0	14066	10	21755	6171	8033	4634	2779	0	138	14066	6171	4426	3469	0	12079	25731	13652	12086
71	203	1369113267	1372958720	1153474560	694719960	65944010	453652480	3388	3388	0	3388	1	1	0	1	2380	7660	5280	2386	140	7660	7520	150	1120	2819	1699	1120	1120	4701	3581	1123	0	0	0	0	0	14269	10	22069	6260	8149	4701	2819	0	140	14269	6260	4490	3519	0	12253	26102	13849	12260
72	203	1342659592	1386831872	1167372288	793415056	65944010	459952128	3436	3436	0	3436	1	1	0	1	2414	7769	5355	2420	142	7769	7627	152	1136	2859	1723	1136	1136	4768	3632	1139	0	0	0	0	0	14472	10	22383	6349	8265	4768	2859	0	142	14472	6349	4554	3569	0	12427	26473	14046	12434
73	203	1379660244	1400176640	1180635136	875971928	65952202	466354176	3484	3484	0	3484	1	1	0	1	2448	7878	5430	2454	144	7878	7734	154	1152	2899	1747	1152	1152	4835	3683	1155	0	0	0	0	0	14675	10	22697	6438	8381	4835	2899	0	144	14675	6438	4618	3619	0	12601	26844	14243	12608
74	203	1346906711	1413906432	1194332160	974055424	65952202	472748032	3532	3532	0	3532	1	1	0	1	2482	7987	5505	2488	146	7987	7841	156	1168	2939	1771	1168	1168	4902	3734	1171	0	0	0	0	0	14878	10	23011	6527	8497	4902	2939	0	146	14878	6527	4682	3669	0	12775	27215	14440	12782
75	203	1522151962	1427685376	1208029184	1057527496	65952202	479199232	3580	3580	0	3580	1	1	0	1	2516	8096	5580	2522	148	8096	7948	158	1184	2979	1795	1184	1184	4969	3785	1187	0	0	0	0	0	15081	10	23325	6616	8613	4969	2979	0	148	15081	6616	4746	3719	0	12949	27586	14637	12956
76	203	1414759424	1441185792	1221001216	1140211632	65952202	485621760	3628	3628	0	3628	1	1	0	1	2550	8205	5655	2556	150	8205	8055	160	1200	3019	1819	1200	1200	5036	3836	1203	0	0	0	0	0	15284	10	23639	6705	8729	5036	3019	0	150	15284	6705	4810	3769	0	13123	27957	14834	13130
77	203	1409721385	1487843328	1266561024	1239609992	65952202	492040192	3676	3676	0	3676	1	1	0	1	2584	8314	5730	2590	152	8314	8162	162	1216	3059	1843	1216	1216	5103	3887	1219	0	0	0	0	0	15487	10	23953	6794	8845	5103	3059	0	152	15487	6794	4874	3819	0	13297	28328	15031	13304
78	203	1639481231	1391001600	1166053376	464956336	65944010	498491392	3724	3724	0	3724	1	1	0	1	2618	8423	5805	2624	154	8423	8269	164	1232	3099	1867	1232	1232	5170	3938	1235	0	0	0	0	0	15690	10	24267	6883	8961	5170	3099	0	154	15690	6883	4938	3869	0	13471	28699	15228	13478
79	203	1485817599	1407062016	1180680192	564508480	65944010	504913920	3772	3772	0	3772	1	1	0	1	2652	8532	5880	2658	156	8532	8376	166	1248	3139	1891	1248	1248	5237	3989	1251	0	0	0	0	0	15893	10	24581	6972	9077	5237	3139	0	156	15893	6972	5002	3919	0	13645	29070	15425	13652
80	203	1360512847	1421406208	1195040768	647693104	65952202	511369216	3820	3820	0	3820	1	1	0	1	2686	8641	5955	2692	158	8641	8483	168	1264	3179	1915	1264	1264	5304	4040	1267	0	0	0	0	0	16096	10	24895	7061	9193	5304	3179	0	158	16096	7061	5066	3969	0	13819	29441	15622	13826
81	203	1353165777	1434660864	1208041472	730991552	65952202	517783552	3868	3868	0	3868	1	1	0	1	2720	8750	6030	2726	160	8750	8590	170	1280	3219	1939	1280	1280	5371	4091	1283	0	0	0	0	0	16299	10	25209	7150	9309	5371	3219	0	160	16299	7150	5130	4019	0	13993	29812	15819	14000
82	203	1381375462	1449684992	1222959104	830347056	65952202	524214272	3916	3916	0	3916	1	1	0	1	2754	8859	6105	2760	162	8859	8697	172	1296	3259	1963	1296	1296	5438	4142	1299	0	0	0	0	0	16502	10	25523	7239	9425	5438	3259	0	162	16502	7239	5194	4069	0	14167	30183	16016	14174
83	203	1373676892	1463681024	1237057536	912571000	65952202	530628608	3964	3964	0	3964	1	1	0	1	2788	8968	6180	2794	164	8968	8804	174	1312	3299	1987	1312	1312	5505	4193	1315	0	0	0	0	0	16705	10	25837	7328	9541	5505	3299	0	164	16705	7328	5258	4119	0	14341	30554	16213	14348
84	203	1528400400	1477083136	1250291712	995501080	65952202	537067520	4012	4012	0	4012	1	1	0	1	2822	9077	6255	2828	166	9077	8911	176	1328	3339	2011	1328	1328	5572	4244	1331	0	0	0	0	0	16908	10	26151	7417	9657	5572	3339	0	166	16908	7417	5322	4169	0	14515	30925	16410	14522
85	203	1399984619	1491337216	1264484352	1093758528	65952202	543526912	4060	4060	0	4060	1	1	0	1	2856	9186	6330	2862	168	9186	9018	178	1344	3379	2035	1344	1344	5639	4295	1347	0	0	0	0	0	17111	10	26465	7506	9773	5639	3379	0	168	17111	7506	5386	4219	0	14689	31296	16607	14696
86	203	1435043677	1504874496	1277620224	1176504040	65960394	549941248	4108	4108	0	4108	1	1	0	1	2890	9295	6405	2896	170	9295	9125	180	1360	3419	2059	1360	1360	5706	4346	1363	0	0	0	0	0	17314	10	26779	7595	9889	5706	3419	0	170	17314	7595	5450	4269	0	14863	31667	16804	14870
87	203	1577842964	1404530688	1173618688	436950400	65944010	556355584	4156	4156	0	4156	1	1	0	1	2924	9404	6480	2930	172	9404	9232	182	1376	3459	2083	1376	1376	5773	4397	1379	0	0	0	0	0	17517	10	27093	7684	10005	5773	3459	0	172	17517	7684	5514	4319	0	15037	32038	17001	15044
88	203	1420886004	1417912320	1187143680	523042600	65944010	562786304	4204	4204	0	4204	1	1	0	1	2958	9513	6555	2964	174	9513	9339	184	1392	3499	2107	1392	1392	5840	4448	1395	0	0	0	0	0	17720	10	27407	7773	10121	5840	3499	0	174	17720	7773	5578	4369	0	15211	32409	17198	15218
89	203	1392559550	1432293376	1201369088	622234064	65944010	569225216	4252	4252	0	4252	1	1	0	1	2992	9622	6630	2998	176	9622	9446	186	1408	3539	2131	1408	1408	5907	4499	1411	0	0	0	0	0	17923	10	27721	7862	10237	5907	3539	0	176	17923	7862	5642	4419	0	15385	32780	17395	15392
90	203	1561845610	1446252544	1215328256	705454984	65944010	575688704	4300	4300	0	4300	1	1	0	1	3026	9731	6705	3032	178	9731	9553	188	1424	3579	2155	1424	1424	5974	4550	1427	0	0	0	0	0	18126	10	28035	7951	10353	5974	3579	0	178	18126	7951	5706	4469	0	15559	33151	17592	15566
91	203	1396478262	1459724288	1228591104	788352568	65944010	582103040	4348	4348	0	4348	1	1	0	1	3060	9840	6780	3066	180	9840	9660	190	1440	3619	2179	1440	1440	6041	4601	1443	0	0	0	0	0	18329	10	28349	8040	10469	6041	3619	0	180	18329	8040	5770	4519	0	15733	33522	17789	15740
92	203	1385905200	1474293760	1243275264	887040352	65944010	588496896	4396	4396	0	4396	1	1	0	1	3094	9949	6855	3100	182	9949	9767	192	1456	3659	2203	1456	1456	6108	4652	1459	0	0	0	0	0	18532	10	28663	8129	10585	6108	3659	0	182	18532	8129	5834	4569	0	15907	33893	17986	15914
93	203	1419217730	1488781312	1257512960	970033952	65952202	595324928	4444	4444	0	4444	1	1	0	1	3128	10058	6930	3134	184	10058	9874	194	1472	3699	2227	1472	1472	6175	4703	1475	0	0	0	0	0	18735	10	28977	8218	10701	6175	3699	0	184	18735	8218	5898	4619	0	16081	34264	18183	16088
94	203	1420406599	1502932992	1271504896	1053546968	65952202	601493504	4492	4492	0	4492	1	1	0	1	3162	10167	7005	3168	186	10167	9981	196	1488	3739	2251	1488	1488	6242	4754	1491	0	0	0	0	0	18938	10	29291	8307	10817	6242	3739	0	186	18938	8307	5962	4669	0	16255	34635	18380	16262
95	203	1402501231	1516797952	1285173248	1151962664	65952202	607825920	4540	4540	0	4540	1	1	0	1	3196	10276	7080	3202	188	10276	10088	198	1504	3779	2275	1504	1504	6309	4805	1507	0	0	0	0	0	19141	10	29605	8396	10933	6309	3779	0	188	19141	8396	6026	4719	0	16429	35006	18577	16436
96	203	1447745821	1534992384	1302904832	1239545984	65952202	614232064	4588	4588	0	4588	1	1	0	1	3230	10385	7155	3236	190	10385	10195	200	1520	3819	2299	1520	1520	6376	4856	1523	0	0	0	0	0	19344	10	29919	8485	11049	6376	3819	0	190	19344	8485	6090	4769	0	16603	35377	18774	16610
97	203	1665188810	1430224896	1198002176	518468312	65944010	620646400	4636	4636	0	4636	1	1	0	1	3264	10494	7230	3270	192	10494	10302	202	1536	3859	2323	1536	1536	6443	4907	1539	0	0	0	0	0	19547	10	30233	8574	11165	6443	3859	0	192	19547	8574	6154	4819	0	16777	35748	18971	16784
98	203	1402777514	1445896192	1213616128	605039704	65944010	627097600	4684	4684	0	4684	1	1	0	1	3298	10603	7305	3304	194	10603	10409	204	1552	3899	2347	1552	1552	6510	4958	1555	0	0	0	0	0	19750	10	30547	8663	11281	6510	3899	0	194	19750	8663	6218	4869	0	16951	36119	19168	16958
99	203	1418063321	1459548160	1227145216	688021864	65952202	633520128	4732	4732	0	4732	1	1	0	1	3332	10712	7380	3338	196	10712	10516	206	1568	3939	2371	1568	1568	6577	5009	1571	0	0	0	0	0	19953	10	30861	8752	11397	6577	3939	0	196	19953	8752	6282	4919	0	17125	36490	19365	17132
100	203	1400499682	1472585728	1240145920	785445584	65952202	639963136	4780	4780	0	4780	1	1	0	1	3366	10821	7455	3372	198	10821	10623	208	1584	3979	2395	1584	1584	6644	5060	1587	0	0	0	0	0	20156	10	31175	8841	11513	6644	3979	0	198	20156	8841	6346	4969	0	17299	36861	19562	17306
101	203	1468889031	1491218432	1258524672	874085896	65952202	646377472	4828	4828	0	4828	1	1	0	1	3400	10930	7530	3406	200	10930	10730	210	1600	4019	2419	1600	1600	6711	5111	1603	0	0	0	0	0	20359	10	31489	8930	11629	6711	4019	0	200	20359	8930	6410	5019	0	17473	37232	19759	17480
