block	steps	btime	rss	heapTotal	heapUsed	external	disk
1	200	217248442	139747328	73752576	53839608	15195886	237568
2	200	194336446	144236544	78209024	45866344	15195918	520192
3	200	197242885	148557824	82141184	54180008	15195918	811008
4	200	178500370	152887296	86597632	61987984	15195918	1056768
5	200	181603514	157151232	90267648	69703712	15195918	1282048
6	200	183758476	161554432	95772672	60615568	15195918	1490944
7	200	178984658	166486016	99446784	68627800	15195918	1699840
8	200	180468591	170811392	103641088	76091328	15195918	1900544
9	200	172069192	175132672	107835392	83528656	15195918	2125824
10	200	181425899	179429376	112553984	91041320	15195918	2326528
11	200	190030280	183713792	117010432	81958472	15195918	2535424
12	200	177909714	188080128	121204736	89404392	15195918	2772992
13	200	173642985	192385024	124874752	96823672	15195918	2990080
14	200	183131851	196636672	128806912	104297680	15195918	3215360
15	200	178141791	200974336	133001216	111696432	15195918	3444736
16	200	177459547	205197312	136933376	119012688	15195918	3665920
17	200	185078704	209563648	142176256	109863520	15195918	3874816
18	200	188095895	213790720	145584128	117315528	15195918	4104192
19	200	204752363	179396608	110661632	35733320	15183248	4308992
20	200	180048740	179625984	110923776	43154432	15183248	4534272
21	200	179314382	181788672	113020928	50657832	15183248	4763648
22	200	167424291	183947264	115118080	58118696	15183248	4993024
23	200	183406455	146464768	77369344	36468232	15183248	5181440
24	200	174400214	146571264	77369344	43914848	15183248	5390336
25	200	178487720	148393984	79204352	51389864	15183248	5611520
26	200	167656624	150556672	81301504	58782200	15183248	5820416
27	200	167843879	153067520	83660800	49606352	15183248	6037504
28	200	176926815	156663808	87330816	57041280	15183248	6270976
29	200	170959568	160862208	91525120	64469152	15183248	6492160
30	200	176155878	152522752	82874368	44037632	15183248	6709248
31	200	171995658	152727552	83136512	52361472	15183248	6934528
32	200	175422993	154869760	85233664	44455328	15183248	7139328
33	200	168216013	157007872	87330816	52752584	15183248	7364608
34	200	180946245	159141888	89427968	60979696	15183248	7589888
35	200	165752067	161419264	91525120	69197928	15183248	7819264
36	200	178161735	165576704	96243712	61356600	15183248	8019968
37	200	172433604	170172416	101224448	69681992	15183248	8245248
38	200	178016824	174776320	105156608	77926080	15183248	8458240
39	200	178834514	160129024	89952256	38388344	15183248	8687616
40	200	165758840	161124352	91000832	45759240	15183248	8892416
41	200	180272483	163274752	93097984	53235216	15183248	9101312
42	200	179461758	165408768	95195136	60689688	15183248	9322496
43	200	173145288	167555072	97292288	51534448	15183248	9543680
44	200	166760793	169697280	99389440	59047424	15183248	9773056
45	200	168535367	171847680	101486592	66445600	15183248	9981952
46	200	171127602	173985792	103583744	73799680	15183248	10223616
47	200	169251679	176132096	105418752	81181080	15183248	10428416
48	200	177195707	178270208	107515904	71978616	15183248	10633216
49	200	173230897	180674560	109613056	79382864	15183248	10858496
50	200	174639441	183603200	112496640	86830216	15183248	11079680
51	200	168812934	187727872	116953088	94362632	15183248	11300864
52	200	178080187	191926272	120885248	101733048	15183248	11509760
53	200	173515669	196214784	126128128	92463544	15183248	11739136
54	200	171613989	200409088	129536000	99844120	15183248	11956224
55	200	174038715	204619776	133468160	107224600	15183248	12177408
56	200	172325297	208838656	137924608	114598312	15183248	12382208
57	200	182600093	213037056	141594624	121968088	15183248	12574720
58	200	184029147	177000448	105418752	46959608	15183248	12787712
59	200	180150190	178720768	107253760	37745064	15183248	13029376
60	200	163471659	180846592	109350912	45210032	15183248	13230080
61	200	163844162	182972416	111448064	52672152	15183248	13459456
62	200	161462282	185110528	113545216	60169488	15183248	13676544
63	200	165198553	187244544	115380224	67602240	15183248	13885440
64	200	163340864	189374464	117477376	58486880	15183248	14102528
65	200	178993132	191512576	119574528	66020128	15191440	14315520
66	200	177610802	193654784	121671680	73491080	15191440	14540800
67	200	169437309	195805184	123768832	80921280	15191440	14761984
68	200	160974995	197939200	125865984	88346048	15191440	14966784
69	200	167867141	200073216	127963136	79200368	15191440	15183872
70	200	177494802	202207232	130060288	86583208	15191440	15425536
71	200	173905520	204341248	132157440	94003816	15191440	15646720
72	200	169637396	206479360	134254592	101390136	15191440	15884288
73	200	173723345	208605184	136351744	108773544	15191440	16097280
74	200	183945649	177922048	105156608	43994960	15183248	16293888
75	200	176534456	178372608	105680896	34804488	15183248	16523264
76	200	167702321	180514816	107778048	42261848	15183248	16736256
77	200	185873710	182652928	109875200	49740840	15183248	16945152
78	200	171295818	184791040	111972352	57146056	15183248	17154048
79	200	176785609	186933248	114069504	64523264	15183248	17379328
80	200	184362485	189054976	116166656	55349368	15183248	17588224
81	200	164321389	191184896	118001664	62795544	15183248	17813504
82	200	170895437	193327104	120098816	70196048	15183248	18038784
83	200	178145492	195465216	122195968	77610152	15183248	18247680
84	200	170247465	197599232	124293120	85113288	15183248	18448384
85	200	180925604	199733248	126390272	75993328	15183248	18677760
86	200	166235576	201867264	128487424	83399960	15183248	18898944
87	200	167979052	204009472	130584576	90859832	15183248	19103744
88	200	169712916	206151680	132681728	98198248	15183248	19312640
89	200	175237137	208285696	134778880	105614000	15183248	19542016
90	200	171202562	210411520	136876032	113019728	15183248	19755008
91	200	182671116	212537344	138973184	103916688	15183248	19980288
92	200	180380615	214683648	141070336	111289808	15183248	20189184
93	200	180523947	217452544	144478208	118764032	15183248	20410368
94	200	183980786	221655040	147886080	126171464	15183248	20619264
95	200	186259863	182243328	108302336	41944664	15183248	20832256
96	200	177772038	183713792	109875200	49389192	15183248	21053440
97	200	177160349	185851904	111972352	40264248	15183248	21282816
98	200	170899188	187994112	114069504	47706072	15183248	21487616
99	200	175948834	190119936	116166656	55172768	15183248	21700608
100	200	178498085	192249856	118001664	62682824	15183248	21905408
101	15	12583856	192458752	118263808	65472872	15183248	21905408
