block	steps	btime	rss	heapTotal	heapUsed	external	disk
1	200	210347015	140193792	73752576	54701584	15195894	237568
2	200	190497926	144691200	78733312	46637272	15195926	520192
3	200	183532945	149127168	82141184	54937000	15195926	811008
4	200	195376920	153468928	86335488	62762416	15195926	1056768
5	200	180462236	157691904	90267648	70487880	15195926	1282048
6	200	189200168	162045952	95510528	61396656	15195926	1490944
7	200	176142858	167206912	99708928	69411752	15195926	1699840
8	200	183042562	171790336	103641088	76866416	15195926	1900544
9	200	178684082	176062464	107835392	84356488	15195926	2125824
10	200	183983674	180371456	112553984	91836384	15195926	2326528
11	200	188419157	184655872	117534720	82677632	15195926	2535424
12	200	186963012	188895232	120680448	90136320	15195926	2772992
13	200	181410642	193101824	124612608	97554608	15195926	2990080
14	200	183409625	197316608	128806912	105005856	15195926	3215360
15	200	182537727	201605120	133525504	112452392	15195926	3444736
16	200	186159442	205918208	138506240	103200304	15195926	3665920
17	200	196004718	210206720	141914112	110651192	15195926	3874816
18	200	186557790	214450176	145846272	118075192	15195926	4104192
19	200	179724762	183074816	114069504	43664328	15183256	4308992
20	200	166651248	183242752	114069504	51851656	15183256	4534272
21	200	183199304	183328768	114069504	44021888	15183256	4763648
22	200	169792598	184971264	115642368	52389048	15183256	4993024
23	200	168370356	187109376	117739520	60736336	15183256	5181440
24	200	177689539	189284352	119836672	69131264	15183256	5390336
25	200	178173090	191758336	121933824	61277376	15183256	5611520
26	200	172293213	193892352	124030976	69614024	15183256	5820416
27	200	183833076	196042752	126128128	77921520	15183256	6037504
28	200	177087234	198193152	128225280	86314304	15183256	6270976
29	200	176486811	200323072	130322432	94660712	15183256	6492160
30	200	181331701	202469376	132419584	86822840	15183256	6709248
31	200	170782722	204603392	134516736	95174456	15183256	6934528
32	200	185529064	206753792	136613888	103530168	15183256	7139328
33	200	171138478	208887808	138711040	111881496	15183256	7364608
34	200	179824733	211021824	140546048	104000168	15183256	7585792
35	200	178147925	181211136	110399488	35676048	15183256	7811072
36	200	159617702	181329920	110399488	43140824	15183256	8007680
37	200	165479386	183332864	112496640	50708512	15183256	8228864
38	200	154092977	185503744	114593792	58214720	15183256	8441856
39	200	189452151	187641856	116690944	49226648	15183256	8671232
40	200	171430878	189775872	118788096	56731320	15183256	8876032
41	200	165852350	191922176	120885248	64239944	15183256	9084928
42	200	164735959	194052096	122720256	71824064	15183256	9306112
43	200	163095963	196235264	124817408	79359752	15183256	9527296
44	200	172162719	198393856	126914560	70363432	15183256	9756672
45	200	170985889	200544256	129011712	77831736	15183256	9965568
46	200	177805901	174596096	102797312	46091104	15183256	10207232
47	200	166033588	175177728	103321600	53537936	15183256	10412032
48	200	167108225	177319936	105418752	44503840	15183256	10616832
49	200	168791256	179458048	107515904	51937672	15183256	10842112
50	200	169812690	181587968	109613056	59421600	15183256	11063296
51	200	173592418	154726400	82612224	41675728	15183256	11284480
52	200	169517790	154783744	82612224	49029424	15183256	11489280
53	200	166398664	156655616	84447232	39792000	15183256	11714560
54	200	165139388	158789632	86544384	47219840	15183256	11931648
55	200	167173565	160931840	88641536	54718256	15183256	12152832
56	200	173701018	163074048	90738688	62201408	15183256	12357632
57	200	167627550	165203968	92835840	69599192	15183256	12550144
58	200	177776722	167673856	95719424	60455392	15183256	12763136
59	200	177469919	171507712	99127296	67815792	15183256	13004800
60	200	191987809	175300608	103059456	75175456	15183256	13205504
61	200	160386197	159596544	87068672	36629376	15183256	13434880
62	200	164027801	160321536	87855104	44131200	15183256	13651968
63	200	169778337	162455552	89952256	51604584	15183256	13860864
64	200	178529947	164585472	92049408	59015136	15183256	14077952
65	200	164444562	166723584	94146560	66377496	15191448	14290944
66	200	169740142	168865792	96243712	57149640	15191448	14516224
67	200	165452623	171012096	98340864	64519288	15191448	14737408
68	200	171532971	173355008	100175872	71900416	15191448	14942208
69	200	196085751	175489024	102273024	79329808	15191448	15159296
70	200	181472773	178855936	105680896	86806760	15191448	15400960
71	200	179346097	182640640	109350912	77579096	15191448	15622144
72	200	181753419	186814464	113807360	84994392	15191448	15859712
73	200	174049230	165924864	92573696	40222088	15183256	16072704
74	200	155828916	166457344	93097984	47621936	15183256	16269312
75	200	170811719	168587264	95195136	38453728	15183256	16498688
76	200	164199469	170733568	97292288	45896512	15183256	16711680
77	200	168480940	172867584	99389440	53274000	15183256	16920576
78	200	163407884	175009792	101486592	60637304	15183256	17129472
79	200	169823348	177147904	103583744	68032696	15183256	17354752
80	200	160756767	179302400	105680896	58990336	15183256	17563648
81	200	156626723	181428224	107778048	66442856	15183256	17788928
82	200	177050977	166490112	92573696	43159880	15183256	18010112
83	200	159359438	166789120	92835840	50576736	15183256	18219008
84	200	176305860	168927232	94932992	41409656	15183256	18419712
85	200	166667705	171057152	97030144	48747608	15183256	18649088
86	200	171260953	173191168	99127296	56131344	15183256	18870272
87	200	170250512	175337472	101224448	63538664	15183256	19075072
88	200	169216948	177471488	103059456	70947952	15183256	19283968
89	200	177649168	179609600	105156608	61724672	15183256	19513344
90	200	168965662	181731328	107253760	69138192	15183256	19726336
91	200	169105900	183861248	109350912	76522336	15183256	19951616
92	200	162737193	186003456	111448064	83943832	15183256	20156416
93	200	176432648	188137472	113545216	91350176	15183256	20373504
94	200	177505126	190267392	115642368	82141392	15183256	20582400
95	200	184326886	167690240	93097984	41138200	15183256	20795392
96	200	164102478	168341504	93884416	48538416	15183256	21016576
97	200	165116591	170479616	95981568	55915592	15183256	21245952
98	200	169360436	172621824	98078720	46758560	15183256	21450752
99	200	168166945	174747648	99913728	54111800	15183256	21663744
100	200	175790710	176881664	102010880	61546720	15183256	21868544
101	200	178170542	179023872	104108032	69067664	15183256	22077440
102	200	170645308	181166080	106205184	76528512	15183256	22298624
103	200	173909405	183304192	108302336	67378552	15183256	22528000
104	200	162670204	185438208	110399488	74856360	15183256	22757376
105	200	171407339	187572224	112496640	82282496	15183256	22978560
106	200	178694412	189968384	114593792	89728672	15183256	23207936
107	200	184642404	192110592	116690944	97214152	15183256	23429120
108	200	183795680	195854336	120623104	88060736	15183256	23662592
109	200	177213978	199962624	125079552	95539144	15183256	23879680
110	200	179357073	204165120	129011712	103008720	15183256	24117248
111	200	168480669	208384000	132943872	110459136	15183256	24350720
112	200	168352007	212598784	136876032	117979536	15183256	24563712
113	200	172590326	178950144	103059456	47720648	15183256	24772608
114	200	162605270	180183040	104370176	38728552	15183256	24989696
115	200	168576221	182329344	106467328	46179272	15183256	25219072
116	200	181016861	184471552	108564480	53628192	15183256	25427968
117	200	176740580	186613760	110661632	61156728	15183256	25649152
118	200	166771084	188755968	112758784	68668440	15183256	25882624
119	200	166229557	190898176	114855936	59483512	15183256	26099712
120	200	171461906	193024000	116690944	67021120	15183256	26324992
121	200	163989905	195166208	118788096	74449456	15183256	26554368
122	200	180189047	197316608	120885248	81887544	15183256	26771456
123	200	172244344	199450624	122982400	89301640	15183256	26988544
124	200	171504588	201588736	125079552	80171488	15183256	27189248
125	200	180516564	203726848	127176704	87647376	15183256	27422720
126	200	169475511	205873152	129273856	95110896	15183256	27643904
127	200	167344984	208007168	131371008	102626296	15183256	27852800
128	200	184548995	210153472	133468160	110146720	15183256	28090368
129	200	188276070	212422656	135565312	101077904	15183256	28323840
130	200	171281331	214843392	138186752	108604448	15183256	28545024
131	200	165963643	218718208	141594624	116102752	15183256	28782592
132	200	158809787	222928896	146051072	123547240	15183256	28995584
133	200	187040562	185876480	108826624	31373952	15183256	29212672
134	200	171060253	185999360	109088768	38763952	15183256	29421568
135	200	178750578	188141568	110923776	46218032	15183256	29638656
136	200	173305308	190287872	113020928	53680456	15183256	29859840
137	200	174352780	192425984	115118080	61170496	15183256	30081024
138	200	165134572	194568192	117215232	52127184	15183256	30285824
139	200	180411635	196702208	119312384	59529376	15183256	30515200
140	200	177356988	198828032	121409536	67006896	15183256	30752768
141	200	187095777	200970240	123506688	74437808	15183256	30961664
142	200	171835647	203100160	125603840	81942104	15183256	31166464
143	200	175426188	205242368	127700992	72797200	15183256	31387648
144	200	185257787	207388672	129798144	80262520	15183256	31612928
145	200	168204025	209526784	131895296	87722136	15183256	31838208
146	200	168211164	211664896	133730304	95172688	15183256	32059392
147	200	170758635	213811200	135827456	102650080	15183256	32276480
148	200	185185652	215953408	137924608	93504016	15183256	32493568
149	200	170563309	218087424	140021760	100937912	15183256	32706560
150	200	166192538	220213248	142118912	108436600	15183256	32927744
151	200	165912145	222343168	144216064	115979920	15183256	33173504
152	200	174550581	224501760	146313216	123487360	15183256	33402880
153	200	175393774	226877440	148410368	114415640	15183256	33611776
154	200	182171561	188596224	110141440	40165896	15183256	33820672
155	200	165243517	188665856	110141440	47624952	15183256	34054144
156	200	157733285	190717952	112238592	55073296	15183256	34279424
157	200	168292102	192860160	114335744	46012288	15183256	34492416
158	200	174614333	194994176	116432896	53509808	15183256	34713600
159	200	164314324	197140480	118530048	60960888	15183256	34930688
160	200	164284645	199266304	120627200	68404736	15183256	35176448
161	200	179934655	201400320	122724352	75910808	15183256	35414016
162	200	182986073	203550720	124821504	66722104	15183256	35627008
163	200	169268771	205688832	126656512	74187944	15183256	35856384
164	200	176175671	207826944	128753664	81616592	15183256	36065280
165	200	188783645	209965056	130850816	89055200	15183256	36290560
166	200	173738962	212107264	132947968	96549976	15183256	36503552
167	200	170147767	214253568	135045120	87483520	15183256	36720640
168	200	160167798	216395776	137142272	95068152	15183256	36958208
169	200	166473721	218529792	139239424	102560120	15183256	37171200
170	200	186696995	220663808	141336576	110089752	15183256	37384192
171	200	180845168	222785536	143433728	117538104	15183256	37609472
172	200	179074411	224923648	145530880	108427248	15183256	37822464
173	200	176243396	227061760	147628032	115929480	15183256	38043648
174	200	171927741	229441536	149463040	123452480	15183256	38264832
175	200	177825580	189128704	109088768	36362024	15183256	38481920
176	200	174593531	190312448	110399488	43886064	15191448	38711296
177	200	171870090	192454656	112496640	51288944	15191448	38924288
178	200	168652407	194596864	114593792	58780600	15191448	39133184
179	200	169815232	196734976	116428800	49641920	15191448	39374848
180	200	172086046	198860800	118525952	57146240	15191448	39600128
181	200	172366959	200998912	120623104	64647688	15191448	39817216
182	200	167673085	203128832	122720256	72165624	15191448	40022016
183	200	166712749	205279232	124817408	79680896	15191448	40255488
184	200	168230554	207425536	126914560	70543240	15191448	40472576
185	200	172196170	209567744	129011712	78054248	15191448	40697856
186	200	174390770	211705856	131108864	85481752	15191448	40910848
187	200	175636948	213852160	133206016	92894272	15191448	41115648
188	200	167136400	215994368	135303168	100367000	15191448	41353216
189	200	178477212	218128384	137400320	91270608	15191448	41566208
190	200	175120520	220254208	139497472	98727000	15191448	41779200
191	200	169404386	222384128	141332480	106228176	15191448	42020864
192	200	168751491	224534528	143429632	113660048	15191448	42242048
193	200	181879818	226668544	145526784	121177680	15191448	42463232
194	200	180063330	228814848	147623936	112072712	15191448	42680320
195	200	184222271	190951424	109613056	40413088	15183256	42901504
196	200	164546170	191029248	109613056	47946144	15183256	43118592
197	200	165358693	193118208	111710208	38945416	15183256	43327488
198	200	173204984	195260416	113807360	46505304	15183256	43556864
199	200	190471493	197402624	115904512	54026480	15183256	43778048
200	200	183533058	199532544	118001664	61574784	15183256	44007424
201	200	182120251	201662464	120098816	69045856	15183256	44240896
202	200	179851055	203804672	122195968	59858424	15183256	44457984
203	200	193595261	205938688	124293120	67273336	15183256	44683264
204	200	172380497	208089088	126390272	74728872	15183256	44937216
205	200	182997834	210243584	128487424	82220016	15183256	45150208
206	200	167563619	212385792	130322432	89711360	15183256	45371392
207	200	178142631	214528000	132419584	80704104	15183256	45584384
208	200	174755761	216666112	134516736	88140424	15183256	45809664
209	200	170685202	218808320	136613888	95595040	15183256	46030848
210	200	182173909	220930048	138711040	103011744	15183256	46264320
211	200	166081571	223059968	140808192	110460720	15183256	46477312
212	200	174014237	225189888	142905344	101445712	15183256	46698496
213	200	180931908	227332096	145002496	108907912	15183256	46936064
214	200	173692079	229474304	147099648	116395776	15183256	47161344
215	200	200186643	192274432	109613056	31675752	15183256	47366144
216	200	176480254	192675840	110137344	39164232	15183256	47575040
217	200	182943060	194813952	112234496	46718928	15183256	47808512
218	200	171662708	196960256	114331648	54143824	15183256	48037888
219	200	179488778	199102464	116428800	61687512	15183256	48254976
220	200	181501882	201228288	118263808	52549872	15183256	48459776
221	200	186216459	203345920	120360960	60005952	15183256	48689152
222	200	168714758	205479936	122458112	67444560	15183256	48922624
223	200	176650657	207618048	124555264	74903352	15183256	49139712
224	200	176097257	209756160	126652416	82346944	15183256	49369088
225	200	182833905	211890176	128749568	73253520	15183256	49582080
226	200	174702456	214032384	130846720	80748744	15183256	49815552
227	200	167733205	216178688	132943872	88162928	15183256	50044928
228	200	172891879	218329088	135041024	95611216	15183256	50270208
229	200	173950509	220471296	137138176	103092632	15183256	50491392
230	200	166089978	222593024	139235328	93980216	15183256	50716672
231	200	176439959	224718848	141332480	101534776	15183256	50937856
232	200	183248457	226848768	143167488	109016264	15183256	51159040
233	200	171861398	228986880	145264640	116457040	15183256	51392512
234	200	180904951	231133184	147361792	123954680	15183256	51605504
235	200	190874855	233271296	149458944	114873536	15183256	51843072
236	200	177079460	193323008	109350912	38820464	15183256	52068352
237	200	170370293	194351104	110399488	46319688	15183256	52285440
238	200	177944358	196501504	112496640	53914880	15183256	52502528
239	200	178202267	198639616	114593792	44928520	15183256	52731904
240	200	174311135	200769536	116690944	52430856	15183256	52944896
241	200	178539873	202899456	118788096	59882784	15183256	53166080
242	200	164224716	205045760	120885248	67318336	15183256	53391360
243	200	169661022	207175680	122982400	74829368	15183256	53600256
244	200	171710469	209305600	125079552	65674024	15183256	53833728
245	200	190542194	211451904	127176704	73148224	15183256	54063104
246	200	170721723	213606400	129011712	80621200	15183256	54292480
247	200	183538205	215744512	131108864	88069216	15183256	54505472
248	200	183935582	217878528	133206016	95516536	15183256	54730752
249	200	173566241	220020736	135303168	86362328	15183256	54943744
250	200	185026614	222146560	137400320	93870944	15183256	55189504
251	200	178635350	224268288	139497472	101341144	15183256	55414784
252	200	176596622	226410496	141594624	108765296	15183256	55635968
253	200	170976395	228548608	143691776	116205552	15183256	55865344
254	200	186219112	230690816	145788928	107096224	15183256	56086528
255	200	174182192	232828928	147886080	114614448	15183256	56307712
256	200	175996462	234967040	149983232	122108496	15183256	56524800
257	200	189610393	194912256	109613056	46677080	15183256	56754176
258	200	174024464	196104192	110923776	37633832	15183256	56983552
259	200	165771512	198246400	113020928	45065264	15183256	57188352
260	200	167422716	200376320	115118080	52630096	15183256	57405440
261	200	170729957	202498048	116953088	60113416	15183256	57626624
262	200	181561944	204632064	119050240	67595816	15183256	57860096
263	200	167958539	206774272	121147392	58406776	15183256	58068992
264	200	161572180	208908288	123244544	65904936	15183256	58302464
265	200	163415797	211046400	125341696	73447224	15183256	58531840
266	200	182387740	213196800	127438848	80938288	15183256	58765312
267	200	159709270	215339008	129536000	88441344	15183256	58966016
268	200	171679587	217473024	131633152	79323856	15183256	59199488
269	200	171122254	219611136	133730304	86734816	15183256	59437056
270	200	175283365	221741056	135827456	94235880	15183256	59654144
271	200	178619534	223879168	137924608	101713328	15183256	59879424
272	200	168912794	226017280	140021760	109266272	15183256	60084224
273	200	174860572	228163584	141856768	100125912	15183256	60321792
274	200	167419021	230301696	143953920	107652272	15183256	60542976
275	200	168638093	232448000	146051072	115096352	15183256	60755968
276	200	179227814	234590208	148148224	122532776	15183256	60968960
277	200	178070232	236736512	150245376	129957304	15183256	61210624
278	200	165367868	196276224	109613056	36824320	15183256	61415424
279	200	169673687	197795840	111185920	44377224	15183256	61632512
280	200	155579816	199925760	113283072	51971056	15183256	61845504
281	200	169654806	202059776	115380224	59488184	15183256	62078976
282	200	167408081	204197888	117477376	50365264	15183256	62300160
283	200	162050419	206340096	119574528	57906608	15183256	62509056
284	200	163539879	208470016	121671680	65435440	15183256	62742528
285	200	171121528	210616320	123768832	72940504	15183256	62984192
286	200	160297816	212758528	125603840	80529144	15191448	63201280
287	200	184725241	214896640	127700992	71372448	15191448	63397888
288	200	173461696	217038848	129798144	78846896	15191448	63631360
289	200	183744190	219185152	131895296	86333032	15191448	63881216
290	200	174871592	221323264	133992448	93753784	15191448	64090112
291	200	167265201	223453184	136089600	101185736	15191448	64311296
292	200	171033331	225591296	138186752	92051440	15191448	64528384
293	200	170140352	227733504	140283904	99486352	15191448	64770048
294	200	170935606	229867520	142381056	106956000	15191448	64974848
295	200	168834770	232009728	144478208	114428592	15191448	65191936
296	200	173078616	234147840	146575360	121934808	15191448	65413120
297	200	170936803	236294144	148410368	112898368	15191448	65654784
298	200	172536803	198094848	110137344	37948120	15183256	65867776
299	200	158555836	198168576	110137344	45429560	15183256	66097152
300	200	174107400	199602176	111710208	52901568	15183256	66314240
301	200	173012819	201728000	113807360	43916072	15183256	66535424
302	200	178659443	203862016	115904512	51416720	15183256	66744320
303	200	173331609	206004224	117739520	58866736	15183256	66969600
304	200	180777600	208138240	119836672	66306784	15183256	67186688
305	200	172505844	210276352	121933824	73724000	15183256	67420160
306	200	170446976	212422656	124030976	64557000	15183256	67649536
307	200	166636310	214573056	126128128	72020240	15183256	67878912
308	200	166726582	216715264	128225280	79511440	15183256	68100096
309	200	176529067	218849280	130322432	86959296	15183256	68317184
310	200	182985084	220983296	132419584	94457272	15183256	68546560
311	200	173068417	196292608	107515904	35540208	15183256	68763648
312	200	170203697	198008832	109350912	43043896	15183256	68993024
313	200	173627461	200142848	111448064	50497912	15183256	69226496
314	200	174730509	202285056	113545216	57989256	15183256	69439488
315	200	172886458	204414976	115642368	65457840	15183256	69656576
316	200	175756587	206553088	117477376	56366368	15183256	69881856
317	200	156758911	208695296	119574528	63912936	15183256	70094848
318	200	167686458	210833408	121671680	71413680	15183256	70328320
319	200	175659884	212983808	123768832	78844896	15183256	70553600
320	200	175763093	215105536	125865984	86362440	15183256	70791168
321	200	177754860	217247744	127963136	77224752	15183256	71004160
322	200	172333775	219377664	130060288	84662504	15183256	71213056
323	200	166614097	221519872	132157440	92070680	15183256	71446528
324	200	176858878	194220032	104632320	38728184	15183256	71663616
325	200	168979127	194674688	105156608	46098592	15183256	71876608
326	200	176241134	196812800	107253760	53567784	15183256	72101888
327	200	164343960	198963200	109350912	44467944	15183256	72323072
328	200	172606244	201105408	111448064	51979872	15183256	72556544
329	200	170477345	203251712	113545216	59465896	15183256	72777728
330	200	171796560	205373440	115642368	66995544	15183256	73007104
331	200	169484273	207503360	117477376	74489808	15183256	73228288
332	200	172099598	209645568	119574528	65407976	15183256	73461760
333	200	179170346	211791872	121671680	72920272	15183256	73674752
334	200	169708639	213921792	123768832	80380408	15183256	73891840
335	200	166858657	216055808	125865984	87869456	15183256	74117120
336	200	161229764	218206208	127963136	95346992	15183256	74358784
337	200	176392191	220344320	130060288	86263352	15183256	74575872
338	200	174289073	222490624	132157440	93726624	15183256	74784768
339	200	168123837	224628736	134254592	101140056	15183256	75022336
340	200	180651440	226758656	136351744	108579336	15183256	75251712
341	200	167563066	228884480	138448896	116051816	15183256	75452416
342	200	170466793	231022592	140283904	106881320	15183256	75673600
343	200	176322155	233951232	143167488	114368344	15183256	75915264
344	200	182490200	196366336	105680896	34428568	15183256	76136448
345	200	166675352	198287360	107778048	41934272	15183256	76357632
346	200	165134015	200421376	109613056	49427664	15183256	76570624
347	200	172093787	202567680	111710208	56862776	15183256	76787712
348	200	168050989	204713984	113807360	64333304	15183256	77021184
349	200	166640434	206860288	115904512	55229528	15183256	77250560
350	200	166892552	208990208	118001664	62692352	15183256	77475840
351	200	173654426	211116032	120098816	70089296	15183256	77684736
352	200	171464284	213254144	122195968	77517576	15183256	77930496
353	200	168446162	215400448	124293120	84917928	15183256	78159872
354	200	163413511	217530368	126390272	75771416	15183256	78372864
355	200	161322698	219660288	128487424	83267176	15183256	78577664
356	200	171210677	221802496	130584576	90749400	15183256	78819328
357	200	171198092	223944704	132681728	98218376	15183256	79048704
358	200	176565637	226086912	134516736	105629784	15183256	79269888
359	200	178924766	228233216	136613888	96405256	15183256	79495168
360	200	176680406	230363136	138711040	103969464	15183256	79724544
361	200	181409956	232681472	140808192	111454720	15183256	79941632
362	200	172300360	234815488	142905344	118995184	15183256	80162816
363	200	175958453	238006272	146313216	126517872	15183256	80375808
364	200	184527571	200134656	108040192	44812792	15183256	80601088
365	200	181114973	200904704	108826624	35622576	15183256	80834560
366	200	182264891	203046912	110923776	43193536	15183256	81051648
367	200	170290735	205189120	113020928	50587600	15183256	81264640
368	200	173803712	207327232	115118080	58081112	15183256	81485824
369	200	181216642	209469440	117215232	65490536	15183256	81723392
370	200	176875491	211599360	119312384	56371128	15183256	81940480
371	200	171836582	213729280	121409536	63897776	15183256	82141184
372	200	184861388	215863296	123506688	71315616	15183256	82366464
373	200	175883782	218001408	125341696	78813152	15183256	82604032
374	200	172786488	220139520	127438848	86271696	15183256	82817024
375	200	171543441	222273536	129536000	77154216	15183256	83025920
376	200	174312743	224411648	131633152	84683808	15183256	83247104
377	200	172604287	226549760	133730304	92185056	15183256	83488768
378	200	176038961	229228544	136355840	100219080	15183256	83697664
379	200	180953175	231370752	138452992	107701704	15183256	83935232
380	200	177351715	233500672	140550144	98578896	15183256	84131840
381	200	167591274	235630592	142647296	106072024	15183256	84361216
382	200	171531326	237772800	144744448	113526656	15183256	84586496
383	200	184043071	239960064	146841600	121054664	15183256	84807680
384	200	189034348	242098176	148676608	128509104	15183256	85032960
385	200	180541653	202489856	109088768	40917896	15183256	85266432
386	200	164325747	203374592	110137344	48396320	15183256	85483520
387	200	170741415	205520896	112234496	55854000	15183256	85704704
388	200	170085853	207659008	114069504	46674032	15183256	85938176
389	200	176214047	209813504	116166656	54183176	15183256	86155264
390	200	172318897	211939328	118263808	61736968	15183256	86392832
391	200	169994039	214065152	120360960	69268672	15183256	86618112
392	200	171398912	216207360	122458112	76792304	15183256	86835200
393	200	163864933	218337280	124555264	67688400	15183256	87064576
394	200	176182923	220479488	126652416	75161936	15183256	87273472
395	200	172138661	222617600	128749568	82594144	15183256	87506944
396	200	166591509	224759808	130846720	90058664	15183256	87724032
397	200	168247663	226897920	132943872	97473424	15191448	87937024
398	200	174133869	229036032	135041024	88364616	15191448	88154112
399	200	168159281	231174144	136876032	95883888	15191448	88395776
400	200	176585694	203010048	108564480	43172600	15183256	88608768
401	200	183917385	204001280	109613056	50720392	15183256	88829952
402	200	182807023	206131200	111710208	41607656	15183256	89038848
403	200	181930616	208269312	113807360	49084664	15183256	89280512
404	200	161177764	210411520	115904512	56586672	15183256	89493504
405	200	173433550	212549632	118001664	64074880	15183256	89702400
406	200	186287963	214683648	120098816	71569144	15183256	89927680
407	200	180819769	216834048	122195968	62471680	15183256	90152960
408	200	180900647	218972160	124030976	69880240	15183256	90374144
409	200	162591389	221114368	126128128	77324512	15183256	90591232
410	200	175546643	223236096	128225280	84876088	15183256	90816512
411	200	169442462	225361920	130322432	92374128	15183256	91041792
412	200	169042692	227491840	132419584	83284376	15183256	91271168
413	200	176044703	229629952	134516736	90763336	15183256	91496448
414	200	184219886	231768064	136613888	98225552	15183256	91721728
415	200	198717145	233914368	138711040	105730344	15183256	91955200
416	200	175639409	236052480	140808192	113223224	15183256	92176384
417	200	179180317	238186496	142905344	104111264	15183256	92397568
418	200	180889638	240336896	145002496	111592024	15183256	92626944
419	200	172636324	242479104	147099648	119088760	15183256	92844032
420	200	186900180	245161984	149721088	126572464	15183256	93061120
421	200	181391645	204939264	109350912	35520952	15183256	93278208
422	200	168100078	206385152	110923776	42965960	15183256	93495296
423	200	170525131	208527360	113020928	50527216	15183256	93741056
424	200	176381375	210665472	115118080	57933088	15183256	93954048
425	200	184302085	212803584	117215232	65387296	15183256	94175232
426	200	176632330	214937600	119050240	56229240	15183256	94400512
427	200	162278896	217092096	121147392	63674360	15183256	94621696
428	200	169282956	219238400	123244544	71225752	15183256	94859264
429	200	171831252	221380608	125341696	78750040	15183256	95072256
430	200	169814381	223514624	127438848	86184776	15183256	95297536
431	200	178997414	225644544	129536000	77075920	15183256	95522816
432	200	176675499	227778560	131633152	84588000	15183256	95748096
433	200	166447689	229920768	133730304	92006968	15183256	95981568
434	200	177905447	232067072	135827456	99508160	15183256	96182272
435	200	183601405	234209280	137924608	107049304	15183256	96403456
436	200	187289851	236355584	140021760	98027832	15183256	96624640
437	200	169935579	238489600	141856768	105557944	15183256	96858112
438	200	180400589	206225408	109350912	45371784	15183256	97075200
439	200	174239051	206491648	109613056	36339712	15183256	97296384
440	200	175063976	208609280	111710208	43850800	15183256	97533952
441	200	186976957	210743296	113807360	51402680	15183256	97746944
442	200	172637204	212873216	115904512	58915592	15183256	97947648
443	200	178149209	215011328	118001664	66388696	15183256	98168832
444	200	173482487	217153536	120098816	57291800	15183256	98398208
445	200	177340736	219291648	122195968	64816744	15183256	98627584
446	200	175136520	221433856	124293120	72244840	15183256	98844672
447	200	165193827	223576064	126390272	79708968	15183256	99053568
448	200	171457676	225722368	128225280	87189896	15183256	99287040
449	200	175462756	227860480	130322432	78072712	15183256	99516416
450	200	177989193	229986304	132419584	85569952	15183256	99741696
451	200	183837691	232124416	134516736	93059640	15183256	99962880
452	200	170246139	234274816	136613888	100529552	15183256	100196352
453	200	177536343	236408832	138711040	108048320	15183256	100413440
454	200	182499239	238546944	140808192	98980984	15183256	100638720
455	200	183912775	240693248	142905344	106453576	15183256	100859904
456	200	179671979	242831360	145002496	113951808	15183256	101093376
457	200	181336306	244981760	147099648	121417432	15183256	101306368
458	200	182778734	247119872	149196800	128882624	15183256	101523456
459	200	186129995	207171584	109088768	35481840	15183256	101740544
460	200	162932579	208289792	110399488	43014072	15183256	101974016
461	200	173929454	210415616	112234496	50499392	15183256	102203392
462	200	173305322	212553728	114331648	57966384	15183256	102420480
463	200	168322489	214700032	116428800	48860824	15183256	102658048
464	200	170245195	216834048	118525952	56252464	15183256	102879232
465	200	171914433	218976256	120623104	63823416	15183256	103104512
466	200	175643074	221118464	122720256	71273880	15183256	103333888
467	200	171133802	223268864	124817408	78786752	15183256	103534592
468	200	175707221	225402880	126914560	69697896	15183256	103772160
469	200	175856227	227545088	129011712	77205712	15183256	103993344
470	200	173524212	229675008	131108864	84722032	15183256	104218624
471	200	173771661	231800832	133206016	92197392	15183256	104443904
472	200	161104321	233926656	135303168	99672424	15183256	104669184
473	200	182825314	236068864	137138176	90600808	15183256	104902656
474	200	170806646	238215168	139235328	98055656	15183256	105119744
475	200	187454530	240349184	141332480	105491584	15183256	105324544
476	200	167417588	242487296	143429632	112939976	15183256	105562112
477	200	177364368	244633600	145526784	120368496	15183256	105783296
478	200	181241247	246771712	147623936	111226288	15183256	105992192
479	200	180604521	249044992	149721088	118734832	15183256	106217472
480	200	177282891	209149952	109613056	42972104	15183256	106450944
481	200	166572129	210132992	110661632	50444688	15183256	106680320
482	200	174587470	212258816	112758784	41325296	15183256	106881024
483	200	174247318	214396928	114855936	48785312	15183256	107106304
484	200	178576756	216539136	116953088	56297664	15183256	107331584
485	200	162166445	218673152	119050240	63766976	15183256	107560960
486	200	185705618	220827648	121147392	71258312	15183256	107773952
487	200	172912304	222969856	122982400	62204592	15183256	108003328
488	200	170960806	225116160	125079552	69701096	15183256	108232704
489	200	172630044	227254272	127176704	77144472	15183256	108453888
490	200	177375719	229384192	129273856	84624880	15183256	108666880
491	200	167297960	231510016	131371008	92183000	15183256	108904448
492	200	185331056	233656320	133468160	83035928	15183256	109133824
493	200	181984173	235794432	135565312	90519624	15183256	109350912
494	200	165147405	237924352	137662464	97990440	15183256	109568000
495	200	176824396	240066560	139759616	105383096	15183256	109797376
496	200	173869662	242204672	141856768	112875368	15183256	110034944
497	200	182278662	244350976	143953920	103775336	15183256	110247936
498	200	171423502	246489088	146051072	111254664	15183256	110473216
499	200	185114490	248635392	147886080	118660920	15183256	110698496
500	200	181468141	250757120	149983232	126184304	15183256	110927872
501	200	191686828	210014208	109350912	33637136	15183256	111153152
502	200	171725033	211898368	111185920	41165808	15183256	111382528
503	200	166773340	214036480	113283072	48704232	15183256	111611904
504	200	169956766	216178688	115380224	56180976	15191448	111824896
505	200	169891446	218316800	117477376	63622072	15191448	112046080
506	200	194668944	220454912	119574528	54467416	15191448	112263168
507	200	182513822	222597120	121671680	61961848	15191448	112480256
508	200	172101019	224743424	123768832	69438552	15191448	112709632
509	200	170206746	226885632	125865984	76921120	15191448	112930816
510	200	170651672	229015552	127963136	84416024	15191448	113164288
511	200	177366875	231145472	130060288	75250488	15191448	113385472
512	200	173821273	233283584	132157440	82704928	15191448	113618944
513	200	166942167	235429888	133992448	90121640	15191448	113836032
514	200	181243897	237559808	136089600	97584464	15191448	114049024
515	200	169356903	239697920	138186752	105049608	15191448	114257920
516	200	172353102	241836032	140283904	95956600	15191448	114487296
517	200	177282329	243978240	142381056	103423016	15191448	114716672
518	200	176672975	246120448	144478208	110846328	15191448	114925568
519	200	204658146	248258560	146575360	118339208	15191448	115154944
520	200	172380530	250519552	148672512	125807488	15191448	115367936
521	200	188774269	211865600	109875200	34008304	15183256	115589120
522	200	175576927	212078592	109875200	41451736	15183256	115822592
523	200	170602929	213831680	111710208	48972672	15183256	116039680
524	200	175694756	215973888	113807360	56477904	15183256	116264960
525	200	170401985	218112000	115904512	47401320	15183256	116477952
526	200	162189046	220254208	118001664	54913136	15183256	116703232
527	200	173186553	222396416	120098816	62377968	15183256	116944896
528	200	166454761	224546816	122195968	69860512	15183256	117170176
529	200	180426134	226684928	124030976	77330456	15183256	117383168
530	200	171963036	228823040	126128128	68151928	15183256	117608448
531	200	180672046	230948864	128225280	75605736	15183256	117841920
532	200	185810592	233086976	130322432	83087160	15183256	118046720
533	200	170652882	235225088	132419584	90547856	15183256	118272000
534	200	182369329	237371392	134516736	97954592	15183256	118493184
535	200	180932846	239505408	136613888	88831048	15183256	118722560
536	200	186339182	241651712	138711040	96302592	15183256	118923264
537	200	175393533	243789824	140808192	103701360	15183256	119156736
538	200	183408342	245932032	142905344	111199656	15183256	119369728
539	200	165655560	248074240	145002496	118717744	15183256	119586816
540	200	171304181	250200064	146837504	109666504	15183256	119799808
541	200	177813486	252329984	148934656	117188016	15183256	120016896
542	200	194260534	212570112	109088768	40755712	15183256	120242176
543	200	171481957	213385216	109875200	48208104	15183256	120463360
544	200	173393486	215519232	111972352	39238480	15183256	120692736
545	200	175509953	217661440	114069504	46728672	15183256	120926208
546	200	164736956	219807744	116166656	54218976	15183256	121155584
547	200	163915119	221949952	118263808	61736728	15183256	121356288
548	200	165005292	224083968	120360960	69177256	15183256	121581568
549	200	178935758	226226176	122458112	60051224	15183256	121823232
550	200	163894624	228356096	124555264	67487080	15183256	122040320
551	200	181136945	230477824	126652416	75001512	15183256	122257408
552	200	174318137	232611840	128749568	82463216	15183256	122466304
553	200	177249174	234749952	130584576	89851328	15183256	122716160
554	200	175838361	236900352	132681728	80675912	15183256	122937344
555	200	180027938	239034368	134778880	88091048	15183256	123150336
556	200	176726137	241176576	136876032	95576928	15183256	123359232
557	200	188104435	243314688	138973184	103002024	15183256	123596800
558	200	165693377	245460992	141070336	110567016	15183256	123817984
559	200	167033749	247603200	143167488	101522864	15183256	124035072
560	200	166799447	249729024	145264640	109041080	15183256	124252160
561	200	175419565	251854848	147361792	116494560	15183256	124477440
562	200	174201707	253992960	149458944	123939528	15183256	124719104
563	200	182957423	214683648	109875200	31187432	15183256	124928000
564	200	167753811	215072768	110399488	38723024	15183256	125149184
565	200	161815105	217210880	112496640	46281832	15183256	125374464
566	200	179757239	219357184	114593792	53724208	15183256	125603840
567	200	176297291	221499392	116428800	61246184	15183256	125812736
568	200	167149389	223637504	118525952	52210736	15183256	126042112
569	200	167972463	225783808	120623104	59726680	15183256	126271488
570	200	168743138	227905536	122720256	67252464	15183256	126504960
571	200	174565769	230039552	124817408	74667848	15183256	126717952
572	200	170060793	232169472	126914560	82141256	15183256	126939136
573	200	179447053	234319872	129011712	73035848	15183256	127164416
574	200	164739876	236457984	131108864	80473480	15183256	127377408
575	200	171448345	238600192	133206016	87919048	15183256	127602688
576	200	181087780	240746496	135303168	95436376	15183256	127819776
577	200	183687168	242876416	137400320	102898512	15183256	128036864
578	200	170739078	245014528	139497472	93794208	15183256	128249856
579	200	169112961	247148544	141332480	101264296	15183256	128487424
580	200	172604897	249282560	143429632	108763384	15183256	128700416
581	200	170761046	251412480	145526784	116266240	15183256	128921600
582	200	185679865	253554688	147623936	123803552	15183256	129146880
583	200	190310038	255696896	149721088	114697856	15183256	129359872
584	200	181394199	216297472	110141440	38128720	15183256	129597440
585	200	183244744	217268224	111190016	45641464	15183256	129822720
586	200	171557335	219410432	113287168	53078200	15183256	130043904
587	200	162737937	221548544	115384320	60629464	15183256	130256896
588	200	181661601	223694848	117481472	51564736	15183256	130482176
589	200	172070631	225828864	119578624	59101976	15183256	130715648
590	200	176157885	227962880	121675776	66566672	15183256	130936832
591	200	172320401	230088704	123510784	74064704	15183256	131174400
592	200	165655384	232226816	125607936	81524144	15183256	131395584
593	200	168603715	234364928	127705088	72384656	15183256	131620864
594	200	165179784	236498944	129802240	79878344	15183256	131837952
595	200	161456329	238641152	131899392	87377040	15183256	132063232
596	200	157635104	240783360	133996544	94869840	15183256	132284416
597	200	170416229	242929664	136093696	102304688	15183256	132505600
598	200	181816566	245067776	138190848	93187776	15183256	132718592
599	200	179006824	247205888	140288000	100708320	15183256	132939776
600	200	164403627	249331712	142385152	108170664	15183256	133152768
601	200	168554601	251465728	144482304	115712088	15183256	133386240
602	200	170760470	253603840	146317312	123197232	15183256	133615616
603	200	176923240	255741952	148414464	114036920	15183256	133824512
604	200	169087716	257884160	150511616	121535000	15183256	134041600
605	200	172420841	216834048	109350912	34952624	15183256	134270976
606	200	184076902	218783744	111448064	42408856	15191448	134488064
607	200	163438939	220930048	113545216	49882824	15191448	134696960
608	200	169737713	223064064	115380224	57415352	15191448	134934528
609	200	181609330	225198080	117477376	64899664	15191448	135155712
610	200	165967086	227336192	119574528	55866104	15191448	135385088
611	200	190725584	229457920	121671680	63334840	15191448	135614464
612	200	171384412	231600128	123768832	70846656	15191448	135835648
613	200	178793146	233730048	125865984	78364624	15191448	136065024
614	200	161052092	235880448	127963136	85892600	15191448	136278016
615	200	179004573	238014464	130060288	76854040	15191448	136495104
616	200	179027038	240152576	132157440	84361456	15191448	136720384
617	200	173984713	242294784	134254592	91782912	15191448	136949760
618	200	176038686	244441088	136351744	99291072	15191448	137187328
619	200	164051493	246587392	138448896	106742456	15191448	137408512
620	200	179719473	248705024	140283904	97729160	15191448	137621504
621	200	179795656	250834944	142381056	105280752	15191448	137846784
622	200	179829417	252973056	144478208	112733888	15191448	138067968
623	200	167995388	255111168	146575360	120175184	15191448	138297344
624	200	172783761	257245184	148672512	127701512	15191448	138510336
625	200	190115721	218619904	109875200	35598560	15183256	138719232
626	200	168184980	218689536	109875200	43051064	15183256	138948608
627	200	189050429	220536832	111710208	50549944	15183256	139165696
628	200	189672281	222679040	113807360	58041848	15183256	139382784
629	200	184669905	224817152	115904512	48961224	15183256	139603968
630	200	162564717	226942976	118001664	56405472	15183256	139841536
631	200	171243993	229072896	120098816	63917584	15183256	140066816
632	200	178425990	231219200	122195968	71459032	15183256	140288000
633	200	157363859	233361408	124293120	78979000	15183256	140513280
634	200	174694770	235495424	126390272	69906728	15183256	140742656
635	200	182387228	237637632	128487424	77336080	15183256	140951552
636	200	168262238	239775744	130322432	84744248	15183256	141180928
637	200	170049128	241917952	132419584	92259608	15183256	141410304
638	200	167079769	244064256	134516736	99707304	15183256	141631488
639	200	180366168	246198272	136613888	90583560	15183256	141844480
640	200	172546586	248328192	138711040	98070848	15183256	142086144
641	200	172400101	250458112	140808192	105584072	15183256	142311424
642	200	175788827	252596224	142905344	113097568	15183256	142528512
643	200	173886381	254726144	145002496	120550672	15183256	142745600
644	200	182466560	256864256	147099648	111453336	15183256	142954496
645	200	181451927	259002368	149196800	118970744	15183256	143179776
646	200	176743300	219684864	109613056	42399408	15183256	143409152
647	200	172385370	220057600	110137344	49817704	15183256	143618048
648	200	180220105	222195712	112234496	40721808	15183256	143851520
649	200	159972871	224337920	114069504	48189560	15183256	144084992
650	200	169528225	226476032	116166656	55695760	15183256	144322560
651	200	169902948	228601856	118263808	63249416	15183256	144539648
652	200	162202271	230739968	120360960	70751848	15183256	144752640
653	200	180246301	232886272	122458112	61551400	15183256	144977920
654	200	169045800	235020288	124555264	69057696	15183256	145203200
655	200	180590711	237150208	126652416	76605472	15183256	145408000
656	200	162471736	239288320	128749568	84128432	15183256	145633280
657	200	178682203	241446912	130846720	91572664	15183256	145874944
658	200	188016938	243585024	132943872	82497384	15183256	146104320
659	200	171053770	245731328	135041024	89934400	15183256	146313216
660	200	173160989	247853056	137138176	97470288	15183256	146530304
661	200	178278152	249987072	138973184	104994752	15183256	146767872
662	200	179766003	252121088	141070336	112514072	15183256	146976768
663	200	190286304	254263296	143167488	103441928	15183256	147185664
664	200	176705335	256393216	145264640	110912744	15183256	147402752
665	200	191332292	258535424	147361792	118444976	15183256	147644416
666	200	173722740	260673536	149458944	125976248	15183256	147873792
667	200	178256743	221552640	110137344	33586008	15183256	148090880
668	200	166658758	221810688	110399488	41076728	15183256	148307968
669	200	151442430	223948800	112496640	48633888	15183256	148541440
670	200	165122761	226082816	114593792	56179952	15183256	148766720
671	200	163755166	228212736	116690944	63659848	15183256	148983808
672	200	168666047	230346752	118788096	54500888	15183256	149209088
673	200	180812228	232488960	120885248	62057624	15183256	149450752
674	200	179459466	234622976	122982400	69565936	15183256	149676032
675	200	176420568	236756992	125079552	77127944	15183256	149889024
676	200	175237486	238903296	127176704	84606160	15183256	150122496
677	200	172091909	241041408	129011712	75504680	15183256	150339584
678	200	174999006	243175424	131108864	82952592	15183256	150556672
679	200	170093167	245313536	133206016	90407656	15183256	150781952
680	200	170835964	247443456	135303168	97851256	15183256	151019520
681	200	167366716	249585664	137400320	105288824	15183256	151248896
682	200	178363869	251711488	139497472	96114960	15183256	151453696
683	200	166280493	253849600	141594624	103573808	15183256	151691264
684	200	175083973	255991808	143691776	111053400	15183256	151904256
685	200	188381979	258142208	145788928	118546080	15183256	152113152
686	200	174512486	260272128	147886080	126100992	15183256	152326144
687	200	180853610	262414336	149983232	117047768	15183256	152539136
688	200	171306224	222089216	109350912	41536368	15183256	152776704
689	200	169582378	223535104	110923776	49130920	15183256	153022464
690	200	164012590	225669120	113020928	56580200	15183256	153247744
691	200	176506985	227799040	115118080	47429464	15183256	153464832
692	200	177976430	229928960	116953088	54888168	15183256	153673728
693	200	170405773	232075264	119050240	62473296	15183256	153899008
694	200	173605468	234213376	121147392	69961232	15183256	154128384
695	200	181316274	202350592	89165824	43230560	15183256	154341376
696	200	164182599	203886592	90738688	50694856	15183256	154558464
697	200	170347498	206036992	92835840	41495088	15183256	154800128
698	200	190407211	208171008	94932992	48905640	15183256	155021312
699	200	165021980	210309120	97030144	56310240	15183256	155230208
700	200	167318292	212443136	99127296	63719120	15183256	155451392
701	200	177317800	214573056	101224448	71221584	15183256	155664384
702	200	182656645	216711168	103321600	62000416	15183256	155889664
703	200	174547634	218845184	105156608	69445408	15183256	156102656
704	200	173414564	220991488	107253760	76849408	15183256	156336128
705	200	181986129	203268096	89427968	35820240	15183256	156573696
706	200	156615404	203337728	89427968	43289120	15183256	156790784
707	200	186326575	205451264	91525120	50724472	15183256	157003776
708	200	172347555	207589376	93622272	58143928	15183256	157233152
709	200	183951979	209727488	95719424	48987936	15191448	157462528
710	200	174459184	211861504	97816576	56465800	15191448	157687808
711	200	170528656	213999616	99913728	63894816	15191448	157925376
712	200	173033860	216150016	102010880	71384064	15191448	158142464
713	200	180597137	218284032	104108032	78916608	15191448	158367744
714	200	186185714	220413952	106205184	69819312	15191448	158572544
715	200	168417662	222564352	108302336	77264352	15191448	158797824
716	200	171818519	224702464	110399488	84740040	15191448	159014912
717	200	177405752	228417536	113807360	92203496	15191448	159227904
718	200	168410301	232427520	118263808	99621352	15191448	159453184
719	200	174008668	236695552	122982400	90403808	15191448	159690752
720	200	181894722	240906240	126390272	97825648	15191448	159920128
721	200	175214610	245104640	130584576	105233408	15191448	160133120
722	200	179076216	216772608	102010880	29913920	15183256	160346112
723	200	169811287	216952832	102010880	37418000	15183256	160579584
724	200	163256039	217980928	103059456	44902368	15183256	160808960
725	200	161868184	220123136	105156608	52389208	15183256	161013760
726	200	161474550	222253056	107253760	59946288	15183256	161230848
727	200	173307084	224395264	109350912	50838232	15183256	161460224
728	200	173693501	226541568	111448064	58303672	15183256	161701888
729	200	175572705	228683776	113545216	65720816	15183256	161923072
730	200	169101348	230817792	115642368	73263520	15183256	162144256
731	200	162235472	232947712	117739520	80764712	15183256	162365440
732	200	181240600	235081728	119574528	71602992	15183256	162566144
733	200	182291475	237215744	121671680	79120048	15183256	162795520
734	200	178958861	239349760	123768832	86580768	15183256	163008512
735	200	169028184	241487872	125865984	94074264	15183256	163233792
736	200	170018836	243634176	127963136	101548624	15183256	163463168
737	200	187619474	216309760	100438016	34490672	15183256	163688448
738	200	170592906	217395200	101486592	41894480	15183256	163885056
739	200	181030974	219529216	103583744	49440776	15183256	164114432
740	200	173242602	221663232	105680896	56905728	15183256	164335616
741	200	175684448	223797248	107778048	47771672	15183256	164552704
742	200	164147784	225935360	109875200	55247304	15183256	164761600
743	200	179008753	228061184	111972352	62806696	15183256	164978688
744	200	161309640	230203392	114069504	70328152	15183256	165220352
745	200	167990604	209993728	93622272	41531160	15183256	165453824
746	200	175519845	211435520	95195136	49047536	15183256	165662720
747	200	179531469	213577728	97292288	56440680	15183256	165888000
748	200	168493097	215719936	99389440	47263056	15183256	166117376
749	200	165561915	217858048	101224448	54753216	15183256	166334464
750	200	156874840	219992064	103321600	62280968	15183256	166559744
751	200	167873033	222121984	105418752	69794896	15183256	166793216
752	200	171262468	224268288	107515904	77208488	15183256	167010304
753	200	180506799	226398208	109613056	68057520	15183256	167239680
754	200	173932352	210558976	93622272	41467792	15183256	167448576
755	200	166608633	210624512	93622272	48876832	15183256	167694336
756	200	169742112	212516864	95457280	39718872	15183256	167899136
757	200	168842973	214663168	97554432	47208640	15183256	168112128
758	200	201511956	216801280	99651584	54755648	15183256	168337408
759	200	174217694	218951680	101748736	62162568	15183256	168570880
760	200	176547196	221085696	103845888	69577856	15183256	168783872
761	200	163701001	223203328	105943040	60533184	15183256	168996864
762	200	167214197	225337344	108040192	68016264	15183256	169218048
763	200	160688773	227475456	110137344	75475712	15183256	169455616
764	200	167652455	229617664	112234496	82934992	15183256	169672704
765	200	180740498	231755776	114331648	90353672	15183256	169885696
766	200	179608743	233889792	116428800	81262944	15183256	170102784
767	200	172604578	236560384	118788096	88659952	15183256	170340352
768	200	180626866	240373760	122720256	96122896	15183256	170565632
769	200	174799398	213471232	95719424	36889440	15183256	170799104
770	200	166987161	214986752	97292288	44372784	15183256	171020288
771	200	170399454	217116672	99389440	51796520	15183256	171241472
772	200	170636731	219246592	101486592	59273728	15183256	171450368
773	200	169463643	221388800	103583744	50131184	15183256	171671552
774	200	175673832	223518720	105680896	57579776	15183256	171888640
775	200	168710058	225665024	107778048	65017728	15183256	172118016
776	200	166439755	227819520	109875200	72450768	15183256	172347392
777	200	166137615	229953536	111710208	79849904	15183256	172572672
778	200	170990949	232091648	113807360	70662272	15183256	172765184
779	200	174776284	234233856	115904512	78133768	15183256	172998656
780	200	176092908	236367872	118001664	85562952	15183256	173211648
781	200	178465520	238641152	120098816	93068264	15183256	173424640
782	200	180511265	240775168	122195968	100618216	15183256	173637632
783	200	190724466	244322304	125865984	91540200	15183256	173875200
784	200	183611830	248471552	130584576	99070264	15183256	174108672
785	200	176020738	252682240	134254592	106504872	15183256	174325760
786	200	169060315	256888832	138448896	113974056	15183256	174542848
787	200	174137028	261103616	142643200	121468616	15183256	174759936
788	200	184302622	265392128	147886080	112273048	15183256	174997504
789	200	174591959	226959360	108040192	35923656	15183256	175210496
790	200	172823389	228106240	109350912	43449592	15183256	175439872
791	200	168129072	230232064	111448064	50978592	15183256	175681536
792	200	165549286	232378368	113283072	58364760	15183256	175894528
793	200	185414644	234508288	115380224	49304616	15183256	176115712
794	200	171440956	236650496	117477376	56746392	15183256	176340992
795	200	174845487	238796800	119574528	64258912	15183256	176566272
796	200	165562197	240943104	121671680	71762624	15183256	176787456
797	200	169825286	243085312	123768832	79277464	15183256	177000448
798	200	184444604	245223424	125865984	70156808	15183256	177233920
799	200	179239370	247373824	127963136	77618160	15183256	177455104
800	200	166869899	249495552	130060288	85059616	15183256	177655808
801	200	190049986	251625472	132157440	92626504	15183256	177889280
802	200	180912600	253767680	134254592	100060984	15183256	178106368
803	200	179551983	255909888	136351744	90965128	15183256	178335744
804	200	170951473	258052096	138186752	98497816	15183256	178544640
805	200	171669299	260194304	140283904	106058912	15183256	178753536
806	200	178136833	262328320	142381056	113543032	15183256	178978816
807	200	171079961	264474624	144478208	121085808	15183256	179204096
808	200	182792346	266854400	146575360	112058328	15183256	179437568
809	200	176523062	269361152	149196800	119544312	15183256	179654656
810	200	181849305	230379520	109879296	44236352	15183256	179888128
811	200	176132342	231403520	110927872	51695792	15183256	180105216
812	200	169234861	233541632	113025024	42512512	15183256	180334592
813	200	165241953	235675648	115122176	49954112	15191448	180555776
814	200	175659756	237813760	117219328	57397216	15191448	180781056
815	200	183250689	239964160	119316480	64851648	15191448	181018624
816	200	168185544	242106368	121413632	72382344	15191448	181239808
817	200	179707476	244240384	123510784	63265664	15191448	181448704
818	200	166294003	246378496	125607936	70821416	15191448	181678080
819	200	163604368	248528896	127442944	78293576	15191448	181911552
820	200	169170498	250654720	129540096	85814528	15191448	182145024
821	200	178540099	252788736	131637248	93262368	15191448	182358016
822	200	172446534	254922752	133734400	84123704	15191448	182575104
823	200	176226535	257064960	135831552	91607992	15191448	182820864
824	200	174644151	259211264	137928704	99111144	15191448	183029760
825	200	199649947	261345280	140025856	106572192	15191448	183242752
826	200	178820413	263475200	142123008	114142808	15191448	183459840
827	200	182897991	265629696	144220160	105063864	15191448	183672832
828	200	174146098	267763712	146317312	112615672	15191448	183914496
829	200	177968029	230547456	108826624	42036400	15183256	184131584
830	200	175096124	232005632	110399488	49589848	15183256	184365056
831	200	164931732	234135552	112496640	40527784	15183256	184586240
832	200	164168101	236261376	114593792	47997680	15183256	184799232
833	200	168098819	238399488	116690944	55478216	15183256	185028608
834	200	175441689	240537600	118525952	62996656	15183256	185245696
835	200	173159966	242683904	120623104	70565232	15183256	185462784
836	200	173301740	244817920	122720256	61542592	15183256	185683968
837	200	163554898	246960128	124817408	69098096	15183256	185917440
838	200	180318916	249102336	126914560	76597464	15183256	186130432
839	200	173685038	251244544	129011712	84183368	15183256	186363904
840	200	181294322	253374464	131108864	91695224	15183256	186580992
841	200	169602442	255508480	133206016	82620376	15183256	186814464
842	200	173721118	257646592	135303168	90085456	15183256	187023360
843	200	178596317	259780608	137400320	97561728	15183256	187236352
844	200	166918415	261922816	139497472	105074680	15183256	187465728
845	200	175365823	264065024	141594624	112566304	15183256	187691008
846	200	185282963	266207232	143429632	103419816	15183256	187912192
847	200	173182372	268345344	145526784	110944296	15183256	188133376
848	200	179685358	270483456	147623936	118464784	15183256	188354560
849	200	181742950	232075264	109088768	32378536	15183256	188588032
850	200	163354044	232783872	109875200	39837696	15183256	188825600
851	200	171009528	234905600	111972352	47396784	15183256	189042688
852	200	171283772	237043712	114069504	54955336	15183256	189255680
853	200	180126599	239181824	116166656	62440152	15183256	189485056
854	200	180605309	241319936	118263808	53353248	15183256	189718528
855	200	159434158	243453952	120360960	60860232	15183256	189939712
856	200	167353436	245592064	122195968	68408192	15183256	190152704
857	200	188026191	215269376	91787264	43518280	15183256	190386176
858	200	170862637	215347200	91787264	51810632	15183256	190623744
859	200	175925250	217141248	93622272	43945256	15183256	190836736
860	200	158876944	219267072	95719424	52243752	15183256	191049728
861	200	177866959	221396992	97816576	60551384	15183256	191279104
862	200	179900233	223531008	99913728	68852744	15183256	191504384
863	200	172848625	225673216	102010880	60995496	15183256	191725568
864	200	177173871	227807232	104108032	69323152	15183256	191938560
865	200	170333340	229945344	106205184	77621768	15183256	192167936
866	200	181973183	232095744	108040192	85896416	15183256	192405504
867	200	183211543	215859200	91787264	31731200	15183256	192602112
868	200	171356836	215977984	92049408	39168336	15183256	192835584
869	200	191619745	218124288	94146560	46595192	15183256	193073152
870	200	170212090	220274688	95981568	54026784	15183256	193306624
871	200	163209753	222404608	98078720	61424864	15183256	193523712
872	200	178141968	224530432	100175872	52383760	15183256	193740800
873	200	168422559	226680832	102273024	59917792	15183256	193966080
874	200	179476088	228818944	104370176	67432576	15183256	194199552
875	200	163086230	230965248	106467328	74865400	15183256	194424832
876	200	169106604	233107456	108564480	82331256	15183256	194633728
877	200	179595594	235245568	110661632	73166504	15183256	194846720
878	200	167834296	237383680	112758784	80587672	15183256	195072000
879	200	162519564	239517696	114855936	87997704	15183256	195297280
880	200	189071887	242618368	118001664	95470752	15183256	195522560
881	200	173595896	246460416	121671680	102991528	15183256	195739648
882	200	180576613	250736640	126914560	93833640	15183256	195964928
883	200	181596665	254943232	130584576	101207512	15183256	196173824
884	200	178609626	259153920	134254592	108684352	15183256	196386816
885	200	186155131	263389184	138973184	116098072	15183256	196628480
886	200	191977656	267608064	142643200	123557792	15183256	196853760
887	200	186828603	271884288	147361792	114457360	15183256	197062656
888	200	188548752	234569728	109350912	39229016	15183256	197283840
889	200	177179719	234643456	109350912	46737784	15183256	197509120
890	200	168950217	236658688	111448064	54161768	15183256	197758976
891	200	176966744	238792704	113545216	45167160	15183256	197967872
892	200	159749715	240926720	115642368	52704064	15183256	198189056
893	200	171136705	243081216	117739520	60237912	15183256	198422528
894	200	176261919	245215232	119836672	67731640	15183256	198656000
895	200	170643093	247353344	121933824	75222496	15183256	198868992
896	200	175316167	249499648	123768832	66079512	15183256	199102464
897	200	173451880	251650048	125865984	73495784	15183256	199319552
898	200	173888219	253784064	127963136	80943296	15183256	199553024
899	200	174303417	255918080	130060288	88420504	15183256	199774208
900	200	186894283	258048000	132157440	95807944	15183256	199995392
901	200	192235198	260177920	134254592	86724728	15183256	200216576
902	200	177227922	262311936	136351744	94159896	15183256	200441856
903	200	191717044	264445952	138448896	101576608	15183256	200667136
904	200	173297956	266584064	140546048	109035912	15183256	200888320
905	200	171648782	268726272	142643200	116522680	15183256	201121792
906	200	187550675	236228608	109613056	39688824	15183256	201359360
907	200	175135780	236302336	109613056	47124928	15183256	201560064
908	200	170376214	238088192	111448064	54598952	15183256	201777152
909	200	159291095	240226304	113545216	45522840	15183256	202002432
910	200	165515465	242348032	115642368	53066280	15183256	202240000
911	200	178283121	244482048	117739520	60651160	15183256	202457088
912	200	176491741	246616064	119836672	68203408	15183256	202682368
913	200	172321885	248758272	121933824	59058248	15183256	202911744
914	200	200493412	250896384	124030976	66591888	15183256	203137024
915	200	166028304	253034496	125865984	74102928	15183256	203345920
916	200	165731640	255184896	127963136	81695112	15191448	203567104
917	200	178468397	257323008	130060288	89185176	15191448	203796480
918	200	187470300	259469312	132157440	80041976	15191448	204013568
919	200	173534063	261611520	134254592	87582560	15191448	204238848
920	200	176185305	263741440	136351744	95046704	15191448	204460032
921	200	171383938	265863168	138448896	102548264	15191448	204677120
922	200	187290293	268001280	140546048	109981976	15191448	204906496
923	200	185280641	270151680	142643200	100878416	15191448	205127680
924	200	175740887	272297984	144740352	108348104	15191448	205348864
925	200	171065495	274440192	146837504	115809584	15191448	205565952
926	200	182127536	276578304	148672512	123397520	15191448	205778944
927	200	179312514	237871104	110137344	32359928	15183256	206000128
928	200	183426963	237944832	110137344	39948352	15183256	206237696
929	200	177109041	239943680	112234496	47510048	15183256	206467072
930	200	157800181	242073600	114331648	55025808	15183256	206692352
931	200	177674085	244203520	116428800	62539856	15183256	206917632
932	200	188752141	246345728	118525952	53451192	15183256	207138816
933	200	160747144	248483840	120623104	60990600	15183256	207376384
934	200	168251270	250626048	122458112	68506280	15183256	207560704
935	200	164920651	252764160	124555264	76060304	15183256	207785984
936	200	172191222	254910464	126652416	83604960	15183256	208019456
937	200	184166546	257044480	128749568	74429344	15183256	208244736
938	200	167490179	259186688	130846720	81899544	15183256	208453632
939	200	176234860	261332992	132943872	89321064	15183256	208691200
940	200	175370409	263467008	135041024	96824224	15183256	208904192
941	200	177448381	265601024	137138176	104315632	15183256	209117184
942	200	174428702	267730944	139235328	95172880	15183256	209346560
943	200	172093488	269873152	141332480	102699216	15183256	209575936
944	200	170915899	272011264	143429632	110228136	15183256	209797120
945	200	177127329	274141184	145264640	117669352	15183256	210014208
946	200	178800506	276275200	147361792	125211112	15183256	210239488
947	200	175314317	278663168	149458944	116129880	15183256	210448384
948	200	178673148	238665728	109350912	40881504	15183256	210677760
949	200	175315089	239800320	110661632	48392928	15183256	210898944
950	200	183072246	241930240	112496640	55941304	15183256	211140608
951	200	180729416	244072448	114593792	46907144	15183256	211369984
952	200	166100579	246202368	116690944	54426648	15183256	211574784
953	200	165154933	248340480	118788096	61885752	15183256	211791872
954	200	172273248	250474496	120885248	69378632	15183256	212008960
955	200	184655415	252612608	122982400	76884888	15183256	212226048
956	200	194313656	222928896	93097984	30609280	15183256	212434944
957	200	172961664	223809536	94146560	38031584	15183256	212668416
958	200	176609850	225951744	96243712	45545720	15183256	212877312
959	200	170760772	228098048	98078720	53026784	15183256	213106688
960	200	169156075	230223872	100175872	60493216	15183256	213315584
961	200	174483702	232349696	102273024	51440736	15183256	213528576
962	200	166545958	234483712	104370176	58836840	15183256	213741568
963	200	173745583	236617728	106467328	66249424	15183256	213966848
964	200	169216748	238755840	108564480	73670496	15183256	214196224
965	200	166119133	240898048	110661632	81108896	15183256	214421504
966	200	164461310	243044352	112758784	88627032	15183256	214650880
967	200	173632762	245194752	114855936	79468280	15183256	214872064
968	200	172899993	247341056	116953088	86916792	15183256	215085056
969	200	170390690	250007552	119574528	94404976	15183256	215314432
970	200	193197108	225980416	95457280	31847544	15183256	215543808
971	200	169768276	226136064	95719424	39373384	15183256	215769088
972	200	176088232	228274176	97816576	46905160	15183256	215973888
973	200	194941922	230408192	99913728	54387352	15183256	216207360
974	200	168907792	232546304	102010880	61825704	15183256	216440832
975	200	186443748	234688512	104108032	52705624	15183256	216666112
976	200	170779681	236830720	105943040	60113920	15183256	216866816
977	200	192100946	238972928	108040192	67559288	15183256	217100288
978	200	188385966	241111040	110137344	75055688	15183256	217325568
979	200	167970418	243257344	112234496	82502752	15183256	217546752
980	200	166864572	245387264	114331648	73297160	15183256	217755648
981	200	178225485	247517184	116428800	80719048	15183256	217993216
982	200	178531304	249655296	118525952	88118896	15183256	218218496
983	200	179042563	251994112	120623104	95609560	15183256	218443776
984	200	164328906	255107072	123768832	103169248	15183256	218648576
985	200	184667529	259149824	129011712	94017736	15183256	218882048
986	200	186010510	263380992	132157440	101520904	15183256	219107328
987	200	182718120	267603968	136613888	108938760	15183256	219320320
988	200	176892140	271822848	140021760	116402152	15183256	219545600
989	200	183823806	276037632	144478208	123798888	15183256	219779072
990	200	185417517	280305664	149458944	114716016	15183256	219996160
991	200	184517583	240701440	108826624	39479400	15183256	220221440
992	200	174550936	242040832	110137344	47038520	15183256	220434432
993	200	171517114	244174848	112234496	54469112	15183256	220655616
994	200	168817366	246308864	114331648	45431000	15183256	220868608
995	200	169532240	248446976	116428800	52885376	15183256	221102080
996	200	175897142	250589184	118525952	60300224	15183256	221323264
997	200	173234401	252731392	120623104	67742432	15183256	221548544
998	200	171145354	254861312	122720256	75220960	15183256	221757440
999	200	188603352	256995328	124817408	66059544	15183256	221974528
1000	200	190983960	259125248	126914560	73496584	15183256	222183424
1001	15	12443848	259321856	126914560	76287792	15183256	222183424
