block	steps	btime	rss	heapTotal	heapUsed	external	disk
1	200	217347825	135188480	72126464	30829088	15191577	237568
2	200	193560611	135016448	71602176	30587032	15183264	520192
3	200	194267969	135426048	71864320	30610048	15183264	811008
4	200	192842891	136003584	71864320	30695544	15183264	1056768
5	200	191915527	135884800	71602176	30634632	15183264	1282048
6	200	183102516	136024064	71864320	30614776	15183264	1490944
7	200	185275528	136294400	71864320	30655128	15183264	1699840
8	200	189329344	136155136	71602176	30651408	15183264	1900544
9	200	182626689	136495104	71864320	30710904	15183264	2125824
10	200	180260056	136753152	71864320	30734832	15183264	2326528
11	200	190611929	136581120	71602176	30708856	15183264	2535424
12	200	190680071	136728576	71864320	30714272	15183264	2772992
13	200	193990214	136986624	71864320	30746352	15183264	2990080
14	200	169545784	136908800	71602176	30756536	15183264	3215360
15	200	193002249	137076736	71864320	30769104	15183264	3444736
16	200	186381341	137379840	72126464	30798720	15183264	3665920
17	200	213085049	137265152	71864320	30819648	15183264	3874816
18	200	189597794	137416704	72126464	30814440	15183264	4104192
19	200	185905829	137703424	72126464	30830352	15183264	4308992
20	200	188131081	137797632	72126464	30868672	15183264	4534272
21	200	192512949	137867264	72126464	30945376	15183264	4763648
22	200	191596971	137953280	72126464	30845424	15183264	4993024
23	200	186144405	138076160	72126464	30868104	15183264	5181440
24	200	182088618	138194944	72126464	30943496	15183264	5390336
25	200	185105097	138321920	72126464	30987808	15183264	5611520
26	200	177375348	138444800	72126464	30948368	15183264	5820416
27	200	184514420	138514432	72126464	30994600	15183264	6037504
28	200	191216608	138600448	72126464	30971080	15183264	6270976
29	200	197284005	138657792	72126464	30974472	15183264	6492160
30	200	197242175	138743808	72126464	30995904	15183264	6709248
31	200	193580632	138833920	72126464	30988128	15183264	6934528
32	200	192733544	138907648	72126464	31037584	15183264	7139328
33	200	196123934	139079680	72126464	31019216	15183264	7364608
34	200	198185389	139169792	72126464	31005416	15183264	7589888
35	200	188440264	139247616	72126464	30992736	15183264	7819264
36	200	196727040	139329536	72126464	31012968	15183264	8019968
37	200	185507766	139403264	72126464	31063960	15183264	8245248
38	200	191768891	139481088	72126464	31012648	15183264	8458240
39	200	186687985	140251136	72126464	31037272	15183264	8687616
40	200	181598243	140333056	72388608	31027016	15183264	8892416
41	200	187583039	140398592	72388608	31084408	15183264	9101312
42	200	183074381	140455936	72388608	31099304	15183264	9322496
43	200	189868475	140529664	72388608	31077576	15183264	9543680
44	200	183622420	140607488	72388608	31043560	15183264	9773056
45	200	183082906	140681216	72388608	31100424	15183264	9981952
46	200	173774149	140910592	72388608	31066792	15183264	10223616
47	200	171762178	140980224	72388608	31043008	15183264	10428416
48	200	180090565	141049856	72388608	31062952	15183264	10633216
49	200	177460050	141115392	72388608	31075592	15183264	10858496
50	200	182054960	141180928	72388608	31064512	15183264	11079680
51	200	186477868	141303808	72388608	31061096	15183264	11300864
52	200	189604227	141361152	72388608	31045520	15183264	11509760
53	200	184911116	141426688	72388608	31045520	15183264	11739136
54	200	189637549	141484032	72388608	31075304	15183264	11956224
55	200	186979841	141553664	72388608	31074896	15183264	12177408
56	200	185339284	141623296	72388608	31045616	15183264	12382208
57	200	192816725	141680640	72388608	31045616	15183264	12574720
58	200	171241173	141815808	72388608	31057944	15183264	12787712
59	200	175359906	141881344	72388608	31057944	15183264	13029376
60	200	186588534	141934592	72388608	31065840	15183264	13230080
61	200	193329905	141983744	72388608	31061792	15183264	13459456
62	200	189959341	142049280	72388608	31058896	15183264	13676544
63	200	176096425	142106624	72388608	31058896	15183264	13885440
64	200	173922346	142163968	72388608	31091504	15183264	14102528
65	200	189174468	142225408	72388608	31061400	15191456	14315520
66	200	180971681	142032896	72126464	31061400	15183264	14540800
67	200	185020017	142180352	72388608	31061400	15183264	14761984
68	200	182707708	142430208	72388608	31075200	15183264	14966784
69	200	186170817	142491648	72388608	31061400	15183264	15183872
70	200	184284567	142548992	72388608	31069296	15183264	15425536
71	200	187625024	142610432	72388608	31063584	15183264	15646720
72	200	186653732	142725120	72388608	31079016	15183264	15884288
73	200	201245154	142778368	72388608	31063544	15183264	16097280
74	200	180092736	142843904	72388608	31061808	15183264	16293888
75	200	176114354	142901248	72388608	31102952	15183264	16523264
76	200	175321895	142970880	72388608	31123848	15183264	16736256
77	200	191732389	143032320	72388608	31061808	15183264	16945152
78	200	184688071	143097856	72388608	31106128	15183264	17154048
79	200	181658490	143163392	72388608	31061808	15183264	17379328
80	200	173638257	143216640	72388608	31089616	15183264	17588224
81	200	185101000	143269888	72388608	31076392	15183264	17813504
82	200	181162119	143339520	72388608	31062136	15183264	18038784
83	200	184791877	143400960	72388608	31089776	15183264	18247680
84	200	195800092	143462400	72388608	31062136	15183264	18448384
85	200	180830210	143519744	72388608	31077672	15183264	18677760
86	200	187954647	143581184	72388608	31074800	15183264	18898944
87	200	187023138	143650816	72388608	31062136	15183264	19103744
88	200	181069366	143716352	72388608	31068136	15183264	19312640
89	200	183817928	143777792	72388608	31064168	15183264	19542016
90	200	176430541	143826944	72388608	31089272	15183264	19755008
91	200	175155512	143880192	72388608	31090416	15183264	19980288
92	200	177907805	143949824	72388608	31064952	15183264	20189184
93	200	185889991	144007168	72388608	31064384	15183264	20410368
94	200	192004230	144064512	72388608	31064920	15183264	20619264
95	200	177425554	144130048	72388608	31094888	15183264	20832256
96	200	181715053	144199680	72388608	31085664	15183264	21053440
97	200	186994302	144265216	72388608	31094144	15183264	21282816
98	200	178366517	144330752	72388608	31068144	15183264	21487616
99	200	195401302	144388096	72388608	31160432	15183264	21700608
100	200	195207133	144945152	72388608	31111440	15183264	21905408
101	15	19855659	145014784	72388608	31157616	15183264	21905408
