block	steps	btime	rss	heapTotal	heapUsed	external	disk
1	200	227676166	137973760	72126464	30882912	15193390	237568
2	200	195591033	138600448	72388608	30614552	15183224	520192
3	200	187733847	138825728	72388608	30577152	15183224	811008
4	200	187426061	138481664	71864320	30690648	15183224	1056768
5	200	200544599	138563584	71864320	30601608	15183224	1282048
6	200	189254998	138629120	71864320	30640432	15183224	1490944
7	200	197075011	138694656	71864320	30651008	15183224	1699840
8	200	191294530	138772480	71864320	30646688	15183224	1900544
9	200	187620645	138833920	71864320	30705744	15183224	2125824
10	200	189771778	138895360	71864320	30729200	15183224	2326528
11	200	183093881	138981376	71864320	30730432	15183224	2535424
12	200	179902037	139063296	71864320	30733376	15183224	2772992
13	200	188664251	139128832	71864320	30740928	15183224	2990080
14	200	187345913	139210752	71864320	30724096	15183224	3215360
15	200	189941999	139292672	71864320	30734648	15183224	3444736
16	200	184653188	139681792	72126464	30793592	15183224	3665920
17	200	194258119	139980800	72126464	30814912	15183224	3874816
18	200	191341661	140050432	72126464	30809312	15183224	4104192
19	200	188064220	140128256	72126464	30825224	15183224	4308992
20	200	180657291	140193792	72126464	30834264	15183224	4534272
21	200	185099557	140267520	72126464	30907064	15183224	4763648
22	200	207893067	140095488	71864320	30868784	15183224	4993024
23	200	180765413	140234752	72126464	30862288	15183224	5181440
24	200	191285639	140570624	72388608	30910192	15183224	5390336
25	200	190337622	140402688	72126464	30981576	15183224	5611520
26	200	179294769	140533760	72388608	30942704	15183224	5820416
27	200	175263386	140800000	72388608	30987416	15183224	6037504
28	200	176350761	140906496	72388608	30993056	15183224	6270976
29	200	176930542	140996608	72388608	30968808	15183224	6492160
30	200	190420153	141078528	72388608	30990240	15183224	6709248
31	200	183579910	141148160	72388608	30981384	15183224	6934528
32	200	191162629	141217792	72388608	31004392	15183224	7139328
33	200	182823348	141279232	72388608	30985584	15183224	7364608
34	200	175591987	141127680	72126464	31026624	15183224	7585792
35	200	180413394	141275136	72388608	30986744	15183224	7811072
36	200	190336855	141529088	72388608	31006976	15183224	8007680
37	200	194303269	141340672	72126464	30996744	15183224	8228864
38	200	185558196	141492224	72388608	31036896	15183224	8441856
39	200	182222377	141774848	72388608	31031280	15183224	8671232
40	200	191524540	141864960	72388608	31021024	15183224	8876032
41	200	177883747	141406208	71864320	31074616	15183224	9084928
42	200	196424311	141479936	71864320	31032888	15183224	9306112
43	200	185874888	141553664	71864320	31044080	15183224	9527296
44	200	193474703	141631488	71864320	31037112	15183224	9756672
45	200	183628812	141791232	71864320	31033144	15183224	9965568
46	200	177603581	141594624	71602176	31033144	15183224	10207232
47	200	191876805	141737984	71864320	31036560	15183224	10412032
48	200	195304266	142004224	71864320	31056504	15183224	10616832
49	200	204129413	141840384	71602176	31040224	15183224	10842112
50	200	188163092	141975552	71864320	31058064	15183224	11063296
51	200	195845304	142225408	71864320	31053472	15183224	11284480
52	200	184263571	142020608	71602176	31038648	15183224	11489280
53	200	180391528	142172160	71864320	31038648	15183224	11714560
54	200	179707833	142430208	71864320	31068432	15183224	11931648
55	200	179163258	142237696	71602176	31066808	15183224	12152832
56	200	189683444	142376960	71864320	31038744	15183224	12357632
57	200	185408744	142622720	71864320	31038744	15183224	12550144
58	200	181917903	142426112	71602176	31051072	15183224	12763136
59	200	180935831	142565376	71864320	31112320	15183224	13004800
60	200	180572895	142827520	71864320	31058968	15183224	13205504
61	200	169662350	142618624	71602176	31081904	15183224	13434880
62	200	183104831	142757888	71864320	31051696	15183224	13651968
63	200	184590195	143003648	71864320	31051696	15183224	13860864
64	200	190112962	143069184	71864320	31084304	15183224	14077952
65	200	171149736	143216640	71864320	31054200	15191416	14290944
66	200	176865158	143024128	71602176	31054200	15183224	14516224
67	200	184460656	143171584	71864320	31083480	15183224	14737408
68	200	182599769	143421440	71864320	31068000	15183224	14942208
69	200	183503024	143220736	71602176	31083480	15183224	15159296
70	200	186067448	143392768	71864320	31062096	15183224	15400960
71	200	179002777	143642624	71864320	31055304	15183224	15622144
72	200	188530552	143716352	71864320	31071488	15183224	15859712
73	200	183303242	143769600	71864320	31117000	15183224	16072704
74	200	177146366	143572992	71602176	31054280	15183224	16269312
75	200	186079309	143708160	71864320	31065936	15183224	16498688
76	200	179625779	143966208	71864320	31054280	15183224	16711680
77	200	170494606	143769600	71602176	31054280	15183224	16920576
78	200	187691328	143908864	71864320	31070536	15183224	17129472
79	200	190647172	144162816	71864320	31054280	15183224	17354752
80	200	182872465	144211968	71864320	31082088	15183224	17563648
81	200	194831897	144265216	71864320	31097480	15183224	17788928
82	200	194815410	144072704	71602176	31054280	15183224	18010112
83	200	178719642	144224256	71864320	31054280	15183224	18219008
84	200	179744949	144474112	71864320	31054280	15183224	18419712
85	200	182129586	144269312	71602176	31099088	15183224	18649088
86	200	178569167	144404480	71864320	31066944	15183224	18870272
87	200	183352273	144699392	71864320	31083768	15183224	19075072
88	200	187711344	144764928	71864320	31058248	15183224	19283968
89	200	181570002	144826368	71864320	31054280	15183224	19513344
90	200	179659029	144875520	71864320	31079384	15183224	19726336
91	200	176394176	144932864	71864320	31054280	15183224	19951616
92	200	179617993	144740352	71602176	31055304	15183224	20156416
93	200	175218133	144871424	71864320	31054280	15183224	20373504
94	200	172677685	145117184	71864320	31054280	15183224	20582400
95	200	173498607	144920576	71602176	31054280	15183224	20795392
96	200	188777786	145063936	71864320	31074192	15183224	21016576
97	200	188459671	145317888	71864320	31054280	15183224	21245952
98	200	185584170	145121280	71602176	31056016	15183224	21450752
99	200	175321231	145248256	71864320	31054280	15183224	21663744
100	200	180582821	145494016	71864320	31074680	15183224	21868544
101	200	181313101	145301504	71602176	31056288	15183224	22077440
102	200	183019061	145440768	71864320	31070360	15183224	22298624
103	200	186957138	145838080	71864320	31055536	15183224	22528000
104	200	181569067	145895424	71864320	31055536	15183224	22757376
105	200	196628006	145956864	71864320	31055536	15183224	22978560
106	200	182982048	145760256	71602176	31055536	15183224	23207936
107	200	184393795	145903616	71864320	31068200	15183224	23429120
108	200	184516134	146345984	71864320	31085288	15183224	23662592
109	200	179173027	146145280	71602176	31084920	15183224	23879680
110	200	173527681	146276352	71864320	31065232	15183224	24117248
111	200	176307207	146677760	71864320	31055600	15183224	24350720
112	200	183234099	147546112	71864320	31076536	15183224	24563712
113	200	181475239	147615744	71864320	31075912	15183224	24772608
114	200	182016096	147419136	71602176	31055608	15183224	24989696
115	200	179047937	147562496	71864320	31084928	15183224	25219072
116	200	185285735	147820544	71864320	31055608	15183224	25427968
117	200	188796853	147623936	71602176	31071864	15183224	25649152
118	200	190658909	147505152	71602176	31055608	15183224	25882624
119	200	184462792	147832832	71864320	31070312	15183224	26099712
120	200	184074629	148074496	71864320	31065312	15183224	26324992
121	200	180003742	147881984	71602176	31057416	15183224	26554368
122	200	182534857	148029440	71864320	31060176	15183224	26771456
123	200	176047564	148279296	71864320	31057416	15183224	26988544
124	200	198446351	148353024	71864320	31057416	15183224	27189248
125	200	181399239	148418560	71864320	31069072	15183224	27422720
126	200	180403465	148234240	71602176	31074664	15183224	27643904
127	200	175442447	148369408	71864320	31057456	15183224	27852800
128	200	179841728	148627456	71864320	31139456	15183224	28090368
129	200	186822640	148430848	71602176	31097768	15183224	28323840
130	200	180596161	148561920	71864320	31065360	15183224	28545024
131	200	179239636	148807680	71864320	31057464	15183224	28782592
132	200	171585331	148877312	71864320	31061432	15183224	28995584
133	200	183222151	148955136	71864320	31058488	15183224	29212672
134	200	183760988	148758528	71602176	31057464	15183224	29421568
135	200	191459611	148901888	71864320	31098880	15183224	29638656
136	200	179931915	149159936	71864320	31071264	15183224	29859840
137	200	181145315	148963328	71602176	31057464	15183224	30081024
138	200	188843216	149102592	71864320	31057464	15183224	30285824
139	200	183675167	149352448	71864320	31057464	15183224	30515200
140	200	195947337	149405696	71864320	31065360	15183224	30752768
141	200	176941433	149471232	71864320	31085656	15183224	30961664
142	200	187964065	149299200	71602176	31057464	15183224	31166464
143	200	169725185	149438464	71864320	31058488	15183224	31387648
144	200	172261071	149708800	71864320	31094584	15183224	31612928
145	200	176627378	149508096	71602176	31057464	15183224	31838208
146	200	177790875	149647360	71864320	31057464	15183224	32059392
147	200	191660525	149905408	71864320	31059200	15183224	32276480
148	200	175570225	149712896	71602176	31057464	15183224	32493568
149	200	172347380	149876736	71864320	31057464	15183224	32706560
150	200	177896295	150114304	71864320	31089680	15183224	32927744
151	200	176847273	149909504	71602176	31057464	15183224	33173504
152	200	190186944	150114304	71864320	31085920	15183224	33402880
153	200	180461699	150392832	71864320	31072288	15183224	33611776
154	200	175887550	150192128	71602176	31057464	15183224	33820672
155	200	181870998	150335488	71864320	31057464	15183224	34054144
156	200	193385342	150622208	71864320	31073720	15183224	34279424
157	200	199133985	150425600	71602176	31057464	15183224	34492416
158	200	188076198	150560768	71864320	31057464	15183224	34713600
159	200	173761705	150818816	71864320	31059200	15183224	34930688
160	200	172872388	150917120	71864320	31085272	15183224	35176448
161	200	166714897	150990848	71864320	31057464	15183224	35414016
162	200	181023424	150810624	71602176	31087152	15183224	35627008
163	200	182180058	150945792	71864320	31058488	15183224	35856384
164	200	192156990	151199744	71864320	31057464	15183224	36065280
165	200	172400852	151003136	71602176	31057464	15183224	36290560
166	200	171970510	151142400	71864320	31057464	15183224	36503552
167	200	185460470	151404544	71864320	31057464	15183224	36720640
168	200	180163710	151470080	71864320	31057464	15183224	36958208
169	200	176881453	151531520	71864320	31084664	15183224	37171200
170	200	188497710	151588864	71864320	31172040	15183224	37384192
171	200	184690657	151638016	71864320	31087160	15183224	37609472
172	200	182031411	151437312	71602176	31070176	15183224	37822464
173	200	175174081	151576576	71864320	31058536	15183224	38043648
174	200	184929586	151830528	71864320	31086120	15183224	38264832
175	200	192701679	151633920	71602176	31069168	15183224	38481920
176	200	186883684	151781376	71864320	31081392	15183224	38711296
177	200	169279181	152039424	71864320	31057512	15183224	38924288
178	200	166843938	151842816	71602176	31057512	15191416	39133184
179	200	187342324	151982080	71864320	31057512	15183224	39374848
180	200	201518740	152223744	71864320	31082616	15183224	39600128
181	200	192119153	152023040	71602176	31118440	15183224	39817216
182	200	166436273	152154112	71864320	31057512	15183224	40022016
183	200	177649570	152408064	71864320	31079984	15183224	40255488
184	200	178385358	152481792	71864320	31060272	15183224	40472576
185	200	182619031	152940544	71864320	31057512	15183224	40697856
186	200	183761517	153092096	71864320	31057512	15183224	40910848
187	200	195115635	153161728	71864320	31100632	15183224	41115648
188	200	184499647	152977408	71602176	31057512	15183224	41353216
189	200	178761733	153112576	71864320	31099312	15183224	41566208
190	200	184593788	153350144	71864320	31065408	15183224	41779200
191	200	177732491	153145344	71602176	31057512	15183224	42020864
192	200	185306854	153292800	71864320	31077424	15183224	42242048
193	200	182893094	153542656	71864320	31099200	15183224	42463232
194	200	171571346	153350144	71602176	31058536	15183224	42680320
195	200	174059310	153485312	71864320	31073768	15183224	42901504
196	200	178637758	153751552	71864320	31088568	15183224	43118592
197	200	187451468	153554944	71602176	31084712	15183224	43327488
198	200	182539942	153694208	71864320	31074720	15183224	43556864
199	200	173854497	153952256	71864320	31057512	15183224	43778048
200	200	177585884	154005504	71864320	31077080	15183224	44007424
201	200	188095472	154062848	71864320	31058816	15183224	44240896
202	200	185541023	153866240	71602176	31058064	15183224	44457984
203	200	182637773	154001408	71864320	31058064	15183224	44683264
204	200	188697912	154263552	71864320	31072888	15183224	44937216
205	200	177133047	154083328	71602176	31058064	15183224	45150208
206	200	183144010	154222592	71864320	31119144	15183224	45371392
207	200	198598565	154480640	71864320	31058064	15183224	45584384
208	200	188129187	154546176	71864320	31079712	15183224	45809664
209	200	183525362	154611712	71864320	31058064	15183224	46030848
210	200	174836371	154660864	71864320	31065960	15183224	46264320
211	200	165703466	154714112	71864320	31058064	15183224	46477312
212	200	171174214	154513408	71602176	31085664	15183224	46698496
213	200	180446256	154652672	71864320	31058064	15183224	46936064
214	200	183957867	154910720	71864320	31088032	15183224	47161344
215	200	193947715	154718208	71602176	31070728	15183224	47366144
216	200	189801118	154849280	71864320	31087752	15183224	47575040
217	200	190039103	155103232	71864320	31058064	15183224	47808512
218	200	177396555	154910720	71602176	31058064	15183224	48037888
219	200	177555867	155054080	71864320	31058064	15183224	48254976
220	200	189259627	155414528	71864320	31069928	15183224	48459776
221	200	181863874	155197440	71602176	31073616	15183224	48689152
222	200	176616201	155328512	71864320	31058080	15183224	48922624
223	200	196489835	155586560	71864320	31087400	15183224	49139712
224	200	189229378	155648000	71864320	31077992	15183224	49369088
225	200	186178333	155709440	71864320	31091720	15183224	49582080
226	200	172274714	155779072	71864320	31078384	15183224	49815552
227	200	174501872	155848704	71864320	31058080	15183224	50044928
228	200	163665759	155664384	71602176	31085280	15183224	50270208
229	200	170788806	155803648	71864320	31085280	15183224	50491392
230	200	181990195	156041216	71864320	31065976	15183224	50716672
231	200	176976979	156090368	71864320	31058976	15183224	50937856
232	200	188955621	156147712	71864320	31058976	15183224	51159040
233	200	173117443	155947008	71602176	31060712	15183224	51392512
234	200	195658350	156094464	71864320	31121760	15183224	51605504
235	200	189535773	156348416	71864320	31060000	15183224	51843072
236	200	185771752	156155904	71602176	31058976	15183224	52068352
237	200	194191057	156286976	71864320	31071640	15183224	52285440
238	200	182776921	156549120	71864320	31072776	15183224	52502528
239	200	185873709	156352512	71602176	31058976	15183224	52731904
240	200	179199900	156479488	71864320	31086784	15183224	52944896
241	200	188718645	156725248	71864320	31086176	15183224	53166080
242	200	179519151	156532736	71602176	31152672	15183224	53391360
243	200	174951738	156663808	71864320	31099368	15183224	53600256
244	200	181177068	156909568	71864320	31120200	15183224	53833728
245	200	181635690	156717056	71602176	31061736	15183224	54063104
246	200	172262668	156872704	71864320	31086320	15183224	54292480
247	200	190359314	157122560	71864320	31086176	15183224	54505472
248	200	185748172	157184000	71864320	31058976	15183224	54730752
249	200	186932816	157249536	71864320	31086888	15183224	54943744
250	200	179002629	157302784	71864320	31105728	15183224	55189504
251	200	172351035	157347840	71864320	31058976	15183224	55414784
252	200	177734303	157155328	71602176	31105456	15183224	55635968
253	200	178562839	157294592	71864320	31086176	15183224	55865344
254	200	189686537	157548544	71864320	31058976	15183224	56086528
255	200	183992832	157614080	71864320	31073800	15183224	56307712
256	200	188227151	157675520	71864320	31078888	15183224	56524800
257	200	187667464	157483008	71602176	31060712	15183224	56754176
258	200	185692200	157634560	71864320	31071640	15183224	56983552
259	200	185067046	157892608	71864320	31058976	15183224	57188352
260	200	175919365	157945856	71864320	31066872	15183224	57405440
261	200	176201518	157995008	71864320	31058976	15183224	57626624
262	200	174958072	157790208	71602176	31058976	15183224	57860096
263	200	180971369	157937664	71864320	31058976	15183224	58068992
264	200	183400146	158183424	71864320	31062944	15183224	58302464
265	200	178076413	157986816	71602176	31058976	15183224	58531840
266	200	173484159	158134272	71864320	31060000	15183224	58765312
267	200	188389963	158392320	71864320	31086576	15183224	58966016
268	200	176821599	158191616	71602176	31058976	15183224	59199488
269	200	176558782	158326784	71864320	31058976	15183224	59437056
270	200	199675068	158572544	71864320	31098296	15183224	59654144
271	200	183959963	158633984	71864320	31058976	15183224	59879424
272	200	186293033	158699520	71864320	31092688	15183224	60084224
273	200	176270382	158507008	71602176	31102432	15183224	60321792
274	200	181666486	158646272	71864320	31058976	15183224	60542976
275	200	201480208	158904320	71864320	31070632	15183224	60755968
276	200	178519708	158711808	71602176	31060000	15183224	60968960
277	200	170642608	158859264	71864320	31058976	15183224	61210624
278	200	171516055	159117312	71864320	31058976	15183224	61415424
279	200	176125022	159182848	71864320	31058976	15183224	61632512
280	200	182461554	159240192	71864320	31205040	15183224	61845504
281	200	188100970	159035392	71602176	31058976	15183224	62078976
282	200	182396232	159174656	71864320	31060712	15183224	62300160
283	200	184168433	159428608	71864320	31088296	15183224	62509056
284	200	179290491	159223808	71602176	31086176	15183224	62742528
285	200	193357386	159371264	71864320	31058976	15183224	62984192
286	200	185318220	159363072	71602176	31060000	15183224	63201280
287	200	198980844	159502336	71864320	31058976	15183224	63397888
288	200	183972258	159756288	71864320	31096096	15183224	63631360
289	200	180823302	159567872	71602176	31072776	15183224	63881216
290	200	176018782	159703040	71864320	31066872	15183224	64090112
291	200	184603174	159948800	71864320	31058976	15191416	64311296
292	200	178275940	159748096	71602176	31058976	15183224	64528384
293	200	188647513	159891456	71864320	31081448	15183224	64770048
294	200	179237858	160141312	71864320	31060712	15183224	64974848
295	200	192294523	159944704	71602176	31120328	15183224	65191936
296	200	193250985	160083968	71864320	31060000	15183224	65413120
297	200	188673113	160342016	71864320	31098656	15183224	65654784
298	200	194772321	160149504	71602176	31088144	15183224	65867776
299	200	190531103	160296960	71864320	31086176	15183224	66097152
300	200	183752021	160542720	71864320	31078528	15183224	66314240
301	200	184555457	160333824	71602176	31099920	15183224	66535424
302	200	186666113	160464896	71864320	31086504	15183224	66744320
303	200	181635719	160722944	71864320	31059304	15183224	66969600
304	200	196141389	160780288	71864320	31079216	15183224	67186688
305	200	188177428	160845824	71864320	31059304	15183224	67420160
306	200	194506079	160653312	71602176	31120560	15183224	67649536
307	200	186762321	160804864	71864320	31088456	15183224	67878912
308	200	192735363	161058816	71864320	31063272	15183224	68100096
309	200	202245019	160858112	71602176	31087912	15183224	68317184
310	200	187254535	160993280	71864320	31067200	15183224	68546560
311	200	173016707	161230848	71864320	31059304	15183224	68763648
312	200	189730935	161292288	71864320	31075560	15183224	68993024
313	200	191431796	161353728	71864320	31086504	15183224	69226496
314	200	204801064	161161216	71602176	31119984	15183224	69439488
315	200	192985153	161292288	71864320	31120968	15183224	69656576
316	200	210633926	161542144	71864320	31059304	15183224	69881856
317	200	180556285	161349632	71602176	31060328	15183224	70094848
318	200	212617321	161488896	71864320	31059304	15183224	70328320
319	200	185169388	161751040	71864320	31061040	15183224	70553600
320	200	186820529	161800192	71864320	31087112	15183224	70791168
321	200	183383930	161865728	71864320	31059304	15183224	71004160
322	200	195152397	161660928	71602176	31059304	15183224	71213056
323	200	184151842	161800192	71864320	31115712	15183224	71446528
324	200	185041042	162045952	71864320	31090016	15183224	71663616
325	200	185268325	161853440	71602176	31071992	15183224	71876608
326	200	170884764	161992704	71864320	31060336	15183224	72101888
327	200	176284281	162254848	71864320	31061360	15183224	72323072
328	200	181242805	162324480	71864320	31060336	15183224	72556544
329	200	185574990	162394112	71864320	31154184	15183224	72777728
330	200	194395806	162443264	71864320	31068232	15183224	73007104
331	200	170774702	162496512	71864320	31062072	15183224	73228288
332	200	173946788	162304000	71602176	31060336	15183224	73461760
333	200	172891691	162447360	71864320	31060336	15183224	73674752
334	200	183537123	162693120	71864320	31060336	15183224	73891840
335	200	185640163	162492416	71602176	31060336	15183224	74117120
336	200	183043244	162639872	71864320	31080280	15183224	74358784
337	200	184235846	162893824	71864320	31061392	15183224	74575872
338	200	180972275	162701312	71602176	31060368	15183224	74784768
339	200	185208429	162840576	71864320	31080672	15183224	75022336
340	200	189877761	163082240	71864320	31082064	15183224	75251712
341	200	186391885	163135488	71864320	31060368	15183224	75452416
342	200	189597439	163196928	71864320	31077576	15183224	75673600
343	200	175454065	163004416	71602176	31091424	15183224	75915264
344	200	175480731	163147776	71864320	31073032	15183224	76136448
345	200	179313396	163401728	71864320	31060368	15183224	76357632
346	200	192342046	163201024	71602176	31060368	15183224	76570624
347	200	182479045	163344384	71864320	31061392	15183224	76787712
348	200	169174797	163606528	71864320	31060368	15183224	77021184
349	200	188998378	163414016	71602176	31154096	15183224	77250560
350	200	179153509	163545088	71864320	31079920	15183224	77475840
351	200	181898587	163782656	71864320	31089104	15183224	77684736
352	200	185231027	163848192	71864320	31113520	15183224	77930496
353	200	185696114	163917824	71864320	31060368	15183224	78159872
354	200	180264339	163713024	71602176	31060368	15183224	78372864
355	200	177433662	163844096	71864320	31060368	15183224	78577664
356	200	182049697	164098048	71864320	31062104	15183224	78819328
357	200	183969138	163905536	71602176	31074168	15183224	79048704
358	200	180058121	164044800	71864320	31061392	15183224	79269888
359	200	170314546	164306944	71864320	31060368	15183224	79495168
360	200	185715252	164360192	71864320	31085472	15183224	79724544
361	200	172361576	164417536	71864320	31060368	15183224	79941632
362	200	182660145	164212736	71602176	31060368	15183224	80162816
363	200	186928389	164352000	71864320	31060368	15183224	80375808
364	200	181293163	164601856	71864320	31060368	15183224	80601088
365	200	173709646	164413440	71602176	31089048	15183224	80834560
366	200	179227274	164556800	71864320	31100376	15183224	81051648
367	200	183560165	164810752	71864320	31060368	15183224	81264640
368	200	176636882	164876288	71864320	31083040	15183224	81485824
369	200	193048990	164941824	71864320	31089688	15183224	81723392
370	200	191361169	164999168	71864320	31068264	15183224	81940480
371	200	175300798	165052416	71864320	31060368	15183224	82141184
372	200	188911359	165113856	71864320	31060368	15183224	82366464
373	200	188166982	165191680	71864320	31060368	15183224	82604032
374	200	184420363	164990976	71602176	31074168	15183224	82817024
375	200	178919506	165126144	71864320	31072024	15183224	83025920
376	200	170203673	165376000	71864320	31060368	15183224	83247104
377	200	173254814	165179392	71602176	31060368	15183224	83488768
378	200	184300036	165326848	71864320	31091080	15183224	83697664
379	200	188174239	165584896	71864320	31060368	15183224	83935232
380	200	197696089	165638144	71864320	31098456	15183224	84131840
381	200	171981966	165695488	71864320	31060368	15183224	84361216
382	200	170787502	165498880	71602176	31060368	15183224	84586496
383	200	176631297	165634048	71864320	31060368	15183224	84807680
384	200	199461314	165888000	71864320	31080280	15183224	85032960
385	200	190911607	165691392	71602176	31060368	15183224	85266432
386	200	180999355	165830656	71864320	31060368	15183224	85483520
387	200	189057243	166088704	71864320	31073032	15183224	85704704
388	200	177288337	165892096	71602176	31090336	15183224	85938176
389	200	186292089	165781504	71602176	31154928	15183224	86155264
390	200	210036704	166096896	71864320	31112432	15183224	86392832
391	200	197062163	166338560	71864320	31101368	15183224	86618112
392	200	176331477	166404096	71864320	31062104	15183224	86835200
393	200	170274851	166461440	71864320	31060368	15183224	87064576
394	200	181517917	166268928	71602176	31060368	15183224	87273472
395	200	189540067	166408192	71864320	31060368	15183224	87506944
396	200	183535327	166662144	71864320	31081544	15183224	87724032
397	200	189557406	166465536	71602176	31186832	15183224	87937024
398	200	171931567	166604800	71864320	31060368	15183224	88154112
399	200	182475743	166858752	71864320	31061392	15183224	88395776
400	200	190606123	166957056	71864320	31129272	15183224	88608768
401	200	183907700	167018496	71864320	31088792	15183224	88829952
402	200	178735033	166809600	71602176	31060840	15183224	89038848
403	200	180941402	166948864	71864320	31112632	15183224	89280512
404	200	177168100	167206912	71864320	31060840	15191416	89493504
405	200	179236102	167006208	71602176	31135464	15183224	89702400
406	200	194171854	167141376	71864320	31060840	15183224	89927680
407	200	177760955	167403520	71864320	31060840	15183224	90152960
408	200	182224008	167469056	71864320	31074640	15183224	90374144
409	200	176175747	167534592	71864320	31103552	15183224	90591232
410	200	170154422	167583744	71864320	31068736	15183224	90816512
411	200	183541642	167632896	71864320	31060840	15183224	91041792
412	200	180986556	167428096	71602176	31060840	15183224	91271168
413	200	182198652	167567360	71864320	31060840	15183224	91496448
414	200	179392141	167817216	71864320	31078048	15183224	91721728
415	200	164996701	167628800	71602176	31060840	15183224	91955200
416	200	184191729	167763968	71864320	31080752	15183224	92176384
417	200	181300902	168013824	71864320	31062576	15183224	92397568
418	200	177026573	167825408	71602176	31060840	15183224	92626944
419	200	184583811	167968768	71864320	31061864	15183224	92844032
420	200	179265134	168206336	71864320	31068736	15183224	93061120
421	200	185257071	168259584	71864320	31090160	15183224	93278208
422	200	180334255	168321024	71864320	31060840	15183224	93495296
423	200	181093554	168390656	71864320	31060840	15183224	93741056
424	200	188637212	168456192	71864320	31060840	15183224	93954048
425	200	176317189	168255488	71602176	31086296	15183224	94175232
426	200	181963623	168390656	71864320	31060840	15183224	94400512
427	200	182647736	168656896	71864320	31060840	15183224	94621696
428	200	176357786	168468480	71602176	31060840	15183224	94859264
429	200	176634593	168607744	71864320	31079856	15183224	95072256
430	200	176325253	168857600	71864320	31068736	15183224	95297536
431	200	187139365	168648704	71602176	31100704	15183224	95522816
432	200	179190624	168783872	71864320	31137640	15183224	95748096
433	200	175471088	169041920	71864320	31088040	15183224	95981568
434	200	181532566	169111552	71864320	31060840	15183224	96182272
435	200	181170280	169181184	71864320	31089416	15183224	96403456
436	200	174777214	169250816	71864320	31088040	15183224	96624640
437	200	181164340	169312256	71864320	31060840	15183224	96858112
438	200	181069579	169127936	71602176	31060840	15183224	97075200
439	200	185495443	169267200	71864320	31091184	15183224	97296384
440	200	185320243	169500672	71864320	31072704	15183224	97533952
441	200	190032190	169295872	71602176	31060840	15183224	97746944
442	200	186290913	169426944	71864320	31076376	15183224	97947648
443	200	178977340	169676800	71864320	31060840	15183224	98168832
444	200	181614166	169484288	71602176	31060840	15183224	98398208
445	200	179279438	169619456	71864320	31090160	15183224	98627584
446	200	191292182	169877504	71864320	31060840	15183224	98844672
447	200	181789094	169684992	71602176	31060840	15183224	99053568
448	200	179394420	169828352	71864320	31080752	15183224	99287040
449	200	172100001	170082304	71864320	31060840	15183224	99516416
450	200	183742195	170131456	71864320	31098624	15183224	99741696
451	200	183437962	170196992	71864320	31081272	15183224	99962880
452	200	175647471	170270720	71864320	31093808	15183224	100196352
453	200	184012664	170332160	71864320	31060840	15183224	100413440
454	200	189392291	170131456	71602176	31062576	15183224	100638720
455	200	186520564	170278912	71864320	31060840	15183224	100859904
456	200	181553464	170532864	71864320	31060840	15183224	101093376
457	200	185666599	170344448	71602176	31088040	15183224	101306368
458	200	188900117	170483712	71864320	31060840	15183224	101523456
459	200	182853542	170737664	71864320	31087120	15183224	101740544
460	200	200601764	170786816	71864320	31069760	15183224	101974016
461	200	176859442	170840064	71864320	31060840	15183224	102203392
462	200	183166714	170905600	71864320	31060840	15183224	102420480
463	200	177753192	170975232	71864320	31089184	15183224	102658048
464	200	184473856	171655168	71864320	31107952	15183224	102879232
465	200	167201955	171720704	71864320	31088040	15183224	103104512
466	200	185102392	171528192	71602176	31089776	15183224	103333888
467	200	184523502	171679744	71864320	31062528	15183224	103534592
468	200	183624739	171929600	71864320	31095992	15183224	103772160
469	200	183258843	171732992	71602176	31091848	15183224	103993344
470	200	191482692	171864064	71864320	31071448	15183224	104218624
471	200	178300163	172101632	71864320	31062528	15183224	104443904
472	200	182322949	172154880	71864320	31062528	15183224	104669184
473	200	186475246	172224512	71864320	31090984	15183224	104902656
474	200	180872206	172294144	71864320	31075192	15183224	105119744
475	200	180976496	172355584	71864320	31103456	15183224	105324544
476	200	178459266	172154880	71602176	31076328	15183224	105562112
477	200	165819619	172302336	71864320	31062528	15183224	105783296
478	200	169296639	172552192	71864320	31064264	15183224	105992192
479	200	198527250	172351488	71602176	31062528	15183224	106217472
480	200	190512479	172474368	71864320	31091360	15183224	106450944
481	200	173375780	172720128	71864320	31091848	15183224	106680320
482	200	176275243	172511232	71602176	31089728	15183224	106881024
483	200	174401546	172646400	71864320	31089728	15183224	107106304
484	200	187128783	172904448	71864320	31066496	15183224	107331584
485	200	187919022	172703744	71602176	31062528	15183224	107560960
486	200	187099033	172855296	71864320	31092216	15183224	107773952
487	200	190581216	173113344	71864320	31091848	15183224	108003328
488	200	178030257	173182976	71864320	31089728	15183224	108232704
489	200	180020611	173248512	71864320	31091264	15183224	108453888
490	200	177048196	173301760	71864320	31070424	15183224	108666880
491	200	187050939	173355008	71864320	31065288	15183224	108904448
492	200	182360103	173162496	71602176	31062528	15183224	109133824
493	200	182424554	173301760	71864320	31105648	15183224	109350912
494	200	173856516	173547520	71864320	31062528	15183224	109568000
495	200	173572703	173350912	71602176	31075192	15183224	109797376
496	200	188921858	173490176	71864320	31082440	15183224	110034944
497	200	194337216	173748224	71864320	31062528	15183224	110247936
498	200	180810186	173551616	71602176	31062528	15183224	110473216
499	200	179372248	173694976	71864320	31062528	15183224	110698496
500	200	181428123	173932544	71864320	31082080	15183224	110927872
501	200	181954396	173723648	71602176	31094464	15183224	111153152
502	200	191146638	173867008	71864320	31155880	15183224	111382528
503	200	184914933	174120960	71864320	31092600	15183224	111611904
504	200	194284283	174190592	71864320	31107360	15183224	111824896
505	200	187098343	174256128	71864320	31091976	15183224	112046080
506	200	197817468	174055424	71602176	31062952	15183224	112263168
507	200	189813678	174198784	71864320	31079208	15183224	112480256
508	200	186553950	174456832	71864320	31091560	15183224	112709632
509	200	184886724	174526464	71864320	31090152	15183224	112930816
510	200	183674675	174579712	71864320	31084648	15183224	113164288
511	200	170968562	174374912	71602176	31063976	15183224	113385472
512	200	188252091	174510080	71864320	31082864	15183224	113618944
513	200	190795453	174772224	71864320	31097904	15183224	113836032
514	200	183697061	174567424	71602176	31123880	15183224	114049024
515	200	177373624	174702592	71864320	31064688	15183224	114257920
516	200	183426748	174956544	71864320	31062952	15183224	114487296
517	200	183170982	174759936	71602176	31102816	15183224	114716672
518	200	182635140	174903296	71864320	31062952	15183224	114925568
519	200	181610217	175153152	71864320	31062952	15183224	115154944
520	200	191446037	175202304	71864320	31070848	15183224	115367936
521	200	191075347	175263744	71864320	31063976	15183224	115589120
522	200	188438006	175071232	71602176	31080160	15183224	115822592
523	200	184467294	175202304	71864320	31062952	15183224	116039680
524	200	176350996	175460352	71864320	31062952	15183224	116264960
525	200	184989274	175259648	71602176	31074608	15183224	116477952
526	200	180487244	175403008	71864320	31062952	15183224	116703232
527	200	170459620	175661056	71864320	31078488	15183224	116944896
528	200	185716703	175738880	71864320	31086832	15183224	117170176
529	200	180069870	175804416	71864320	31090152	15183224	117383168
530	200	182657244	175865856	71864320	31070848	15183224	117608448
531	200	176494220	175919104	71864320	31062952	15183224	117841920
532	200	171132300	175980544	71864320	31091176	15183224	118046720
533	200	177663307	176046080	71864320	31090152	15183224	118272000
534	200	188698724	175853568	71602176	31090592	15183224	118493184
535	200	193506092	175988736	71864320	31091976	15183224	118722560
536	200	184467004	176246784	71864320	31062952	15183224	118923264
537	200	182388810	176050176	71602176	31062952	15183224	119156736
538	200	191330975	176193536	71864320	31075616	15183224	119369728
539	200	181548416	176447488	71864320	31062952	15183224	119586816
540	200	186567802	176500736	71864320	31102272	15183224	119799808
541	200	176503554	176553984	71864320	31062952	15183224	120016896
542	200	183450716	176615424	71864320	31063976	15183224	120242176
543	200	164298545	176680960	71864320	31062952	15183224	120463360
544	200	198741029	176742400	71864320	31096664	15183224	120692736
545	200	191263668	176807936	71864320	31062952	15183224	120926208
546	200	189312100	176619520	71602176	31079208	15183224	121155584
547	200	185710782	176758784	71864320	31062952	15183224	121356288
548	200	175507891	177008640	71864320	31062952	15183224	121581568
549	200	173776577	176816128	71602176	31062952	15183224	121823232
550	200	182698927	176943104	71864320	31082504	15183224	122040320
551	200	186254776	177180672	71864320	31062952	15183224	122257408
552	200	179693207	177238016	71864320	31095032	15183224	122466304
553	200	184288377	177303552	71864320	31090296	15183224	122716160
554	200	178889416	177115136	71602176	31124032	15183224	122937344
555	200	182396482	177250304	71864320	31090552	15183224	123150336
556	200	178151089	177504256	71864320	31062952	15183224	123359232
557	200	186104844	177307648	71602176	31062952	15183224	123596800
558	200	185223039	177455104	71864320	31080160	15183224	123817984
559	200	179247625	177709056	71864320	31062952	15183224	124035072
560	200	179509948	177762304	71864320	31103424	15183224	124252160
561	200	168415435	177811456	71864320	31076752	15183224	124477440
562	200	170734577	177614848	71602176	31091888	15183224	124719104
563	200	185251980	177754112	71864320	31090152	15183224	124928000
564	200	189301017	178003968	71864320	31064688	15183224	125149184
565	200	179368728	178069504	71864320	31083256	15183224	125374464
566	200	189503164	178139136	71864320	31062952	15183224	125603840
567	200	182489128	177946624	71602176	31136360	15183224	125812736
568	200	180489620	177823744	71602176	31062952	15183224	126042112
569	200	177720543	178155520	71864320	31062952	15183224	126271488
570	200	184391861	178393088	71864320	31100168	15183224	126504960
571	200	198303768	178188288	71602176	31090152	15183224	126717952
572	200	194978609	178319360	71864320	31066920	15183224	126939136
573	200	186109418	178581504	71864320	31063976	15183224	127164416
574	200	186362394	178384896	71602176	31062952	15183224	127377408
575	200	182081150	178524160	71864320	31074608	15183224	127602688
576	200	178178489	178786304	71864320	31100072	15183224	127819776
577	200	180321542	178581504	71602176	31064688	15183224	128036864
578	200	172091379	178716672	71864320	31076752	15183224	128249856
579	200	182387926	178966528	71864320	31091560	15183224	128487424
580	200	186464556	179023872	71864320	31098048	15183224	128700416
581	200	183451935	179081216	71864320	31102816	15183224	128921600
582	200	183912614	178884608	71602176	31090152	15183224	129146880
583	200	170739097	179027968	71864320	31091176	15183224	129359872
584	200	178411187	179294208	71864320	31062952	15183224	129597440
585	200	183423638	179093504	71602176	31106408	15183224	129822720
586	200	200022379	179232768	71864320	31090152	15183224	130043904
587	200	182757605	179486720	71864320	31062952	15183224	130256896
588	200	187773951	179294208	71602176	31062952	15183224	130482176
589	200	190025474	179429376	71864320	31064688	15183224	130715648
590	200	192682560	179675136	71864320	31070848	15183224	130936832
591	200	181787060	179466240	71602176	31062952	15183224	131174400
592	200	179406966	179605504	71864320	31082864	15183224	131395584
593	200	166034207	179855360	71864320	31063976	15183224	131620864
594	200	167601243	179654656	71602176	31092640	15183224	131837952
595	200	178184120	179793920	71864320	31106072	15183224	132063232
596	200	194942202	180051968	71864320	31062952	15183224	132284416
597	200	185594202	179859456	71602176	31062952	15183224	132505600
598	200	173848579	179736576	71602176	31092272	15183224	132718592
599	200	186629348	180060160	71864320	31090152	15183224	132939776
600	200	184915809	180301824	71864320	31109704	15183224	133152768
601	200	184210480	180097024	71602176	31092968	15183224	133386240
602	200	188646833	180236288	71864320	31063280	15183224	133615616
603	200	191198027	180490240	71864320	31104168	15183224	133824512
604	200	176099490	180293632	71602176	31063280	15183224	134041600
605	200	186895037	180432896	71864320	31063280	15183224	134270976
606	200	189869877	180695040	71864320	31063280	15183224	134488064
607	200	184854579	180502528	71602176	31156976	15183224	134696960
608	200	186463032	180637696	71864320	31083192	15183224	134934528
609	200	177699003	180887552	71864320	31063280	15183224	135155712
610	200	171796739	180948992	71864320	31071176	15183224	135385088
611	200	174454753	180998144	71864320	31124360	15183224	135614464
612	200	196528300	180801536	71602176	31094288	15183224	135835648
613	200	190623818	180932608	71864320	31066040	15183224	136065024
614	200	183534535	181194752	71864320	31063280	15183224	136278016
615	200	176401322	181256192	71864320	31090880	15183224	136495104
616	200	179824738	181317632	71864320	31094448	15183224	136720384
617	200	179930696	181125120	71602176	31156976	15183224	136949760
618	200	180426629	181268480	71864320	31063280	15183224	137187328
619	200	191257264	181530624	71864320	31063280	15183224	137408512
620	200	188725084	181575680	71864320	31071176	15183224	137621504
621	200	183819389	181628928	71864320	31075760	15183224	137846784
622	200	186987775	181432320	71602176	31063280	15183224	138067968
623	200	185736664	181567488	71864320	31085752	15183224	138297344
624	200	192761499	181817344	71864320	31100472	15183224	138510336
625	200	190374527	181620736	71602176	31115984	15183224	138719232
626	200	191326710	181764096	71864320	31065056	15183224	138948608
627	200	179925820	182022144	71864320	31091928	15183224	139165696
628	200	187404594	181825536	71602176	31090520	15183224	139382784
629	200	181881711	181964800	71864320	31077120	15183224	139603968
630	200	184873878	182206464	71864320	31148392	15191416	139841536
631	200	179386811	181997568	71602176	31090808	15183224	140066816
632	200	176378678	182145024	71864320	31063320	15183224	140288000
633	200	179953050	182398976	71864320	31090960	15183224	140513280
634	200	180979168	182198272	71602176	31064344	15183224	140742656
635	200	175993351	182337536	71864320	31063320	15183224	140951552
636	200	179048000	182591488	71864320	31063320	15183224	141180928
637	200	182805856	182394880	71602176	31063320	15183224	141410304
638	200	179771432	182542336	71864320	31065056	15183224	141631488
639	200	176603539	182792192	71864320	31063320	15183224	141844480
640	200	177976727	182845440	71864320	31091128	15183224	142086144
641	200	179097125	182902784	71864320	31063320	15183224	142311424
642	200	193785880	182702080	71602176	31063320	15183224	142528512
643	200	178340237	182833152	71864320	31092640	15183224	142745600
644	200	170818079	183083008	71864320	31064344	15183224	142954496
645	200	174881179	183148544	71864320	31063320	15183224	143179776
646	200	191890819	183209984	71864320	31089784	15183224	143409152
647	200	186585861	183017472	71602176	31063320	15183224	143618048
648	200	190676930	183152640	71864320	31093008	15183224	143851520
649	200	174339060	183410688	71864320	31092640	15183224	144084992
650	200	182783205	183472128	71864320	31084608	15183224	144322560
651	200	179994803	183525376	71864320	31063320	15183224	144539648
652	200	183079142	183324672	71602176	31063320	15183224	144752640
653	200	177443033	183472128	71864320	31063320	15183224	144977920
654	200	184074131	183717888	71864320	31091984	15183224	145203200
655	200	189449461	183513088	71602176	31090520	15183224	145408000
656	200	184592192	183652352	71864320	31111392	15183224	145633280
657	200	183836798	183922688	71864320	31063320	15183224	145874944
658	200	175056049	183726080	71602176	31063320	15183224	146104320
659	200	180018962	183869440	71864320	31063320	15183224	146313216
660	200	173010331	184107008	71864320	31075184	15183224	146530304
661	200	174585351	183902208	71602176	31092640	15183224	146767872
662	200	173093116	184037376	71864320	31063320	15183224	146976768
663	200	186041395	184291328	71864320	31095112	15183224	147185664
664	200	183077639	184348672	71864320	31063320	15183224	147402752
665	200	177971733	184418304	71864320	31064344	15183224	147644416
666	200	185392764	184217600	71602176	31080528	15183224	147873792
667	200	178950923	184365056	71864320	31063320	15183224	148090880
668	200	177629897	184623104	71864320	31075984	15183224	148307968
669	200	179055487	184426496	71602176	31063320	15183224	148541440
670	200	176588592	184557568	71864320	31071216	15183224	148766720
671	200	176759865	184803328	71864320	31063320	15183224	148983808
672	200	187905978	184860672	71864320	31083232	15183224	149209088
673	200	182386185	184930304	71864320	31063320	15183224	149450752
674	200	185241806	184729600	71602176	31063320	15183224	149676032
675	200	185703279	184864768	71864320	31090216	15183224	149889024
676	200	177201391	185122816	71864320	31063320	15183224	150122496
677	200	181330697	185188352	71864320	31111080	15183224	150339584
678	200	186464840	185249792	71864320	31110824	15183224	150556672
679	200	175866502	185049088	71602176	31090520	15183224	150781952
680	200	185394008	185180160	71864320	31085016	15183224	151019520
681	200	187219444	185434112	71864320	31063320	15183224	151248896
682	200	174935991	185487360	71864320	31063320	15183224	151453696
683	200	172840381	185548800	71864320	31063320	15183224	151691264
684	200	184174887	185356288	71602176	31080528	15183224	151904256
685	200	196053769	185503744	71864320	31091544	15183224	152113152
686	200	181267478	185749504	71864320	31063320	15183224	152326144
687	200	183575444	185815040	71864320	31093664	15183224	152539136
688	200	191340926	185880576	71864320	31083232	15183224	152776704
689	200	196537169	185688064	71602176	31135952	15183224	153022464
690	200	177992961	185823232	71864320	31071216	15183224	153247744
691	200	181909092	186064896	71864320	31092640	15183224	153464832
692	200	190367056	185860096	71602176	31063320	15183224	153673728
693	200	176119662	186003456	71864320	31063320	15183224	153899008
694	200	177969159	186257408	71864320	31063320	15183224	154128384
695	200	178227973	186064896	71602176	31093664	15183224	154341376
696	200	181472647	186208256	71864320	31063320	15183224	154558464
697	200	183888670	186470400	71864320	31077120	15183224	154800128
698	200	187521813	186269696	71602176	31091776	15183224	155021312
699	200	205055634	186408960	71864320	31092256	15183224	155230208
700	200	185116709	186654720	71864320	31082872	15183224	155451392
701	200	189275936	186445824	71602176	31064400	15183224	155664384
702	200	190929122	186585088	71864320	31109592	15183224	155889664
703	200	184033649	186834944	71864320	31092968	15183224	156102656
704	200	193848679	186904576	71864320	31087528	15183224	156336128
705	200	181750756	186978304	71864320	31063648	15183224	156573696
706	200	187649198	186785792	71602176	31064672	15183224	156790784
707	200	180669252	186920960	71864320	31063648	15183224	157003776
708	200	180306029	187170816	71864320	31063648	15183224	157233152
709	200	198107315	186974208	71602176	31063648	15183224	157462528
710	200	179819161	187105280	71864320	31071544	15183224	157687808
711	200	185319294	187359232	71864320	31103512	15183224	157925376
712	200	187082883	187432960	71864320	31065384	15183224	158142464
713	200	181869210	187494400	71864320	31063648	15183224	158367744
714	200	185901242	187289600	71602176	31077448	15183224	158572544
715	200	184385040	187437056	71864320	31092968	15183224	158797824
716	200	180083653	187691008	71864320	31093128	15183224	159014912
717	200	186279510	187494400	71602176	31063648	15183224	159227904
718	200	182120474	187633664	71864320	31063648	15183224	159453184
719	200	179729280	187887616	71864320	31063648	15183224	159690752
720	200	183680390	187957248	71864320	31108664	15183224	159920128
721	200	179422730	188006400	71864320	31063648	15183224	160133120
722	200	179168575	187801600	71602176	31063648	15183224	160346112
723	200	180004968	187932672	71864320	31063648	15183224	160579584
724	200	186728408	188186624	71864320	31160240	15183224	160808960
725	200	193703115	188383232	71864320	31075304	15183224	161013760
726	200	175248440	188440576	71864320	31064672	15183224	161230848
727	200	173062483	188243968	71602176	31092968	15183224	161460224
728	200	185923673	188391424	71864320	31063648	15183224	161701888
729	200	181890410	188649472	71864320	31076128	15183224	161923072
730	200	181779628	188706816	71864320	31071544	15183224	162144256
731	200	179671220	188764160	71864320	31077448	15183224	162365440
732	200	173526028	188559360	71602176	31076312	15183224	162566144
733	200	184287220	188694528	71864320	31115440	15183224	162795520
734	200	182287224	188940288	71864320	31093928	15183224	163008512
735	200	185570672	188743680	71602176	31092672	15183224	163233792
736	200	190040002	188887040	71864320	31086320	15183224	163463168
737	200	190911637	189140992	71864320	31063648	15183224	163688448
738	200	193979491	188940288	71602176	31080856	15183224	163885056
739	200	193440937	189075456	71864320	31063648	15183224	164114432
740	200	178313123	189321216	71864320	31071544	15183224	164335616
741	200	181092045	189120512	71602176	31079904	15183224	164552704
742	200	189072030	189251584	71864320	31063648	15183224	164761600
743	200	173024961	189493248	71864320	31063648	15191416	164978688
744	200	172696420	189562880	71864320	31063648	15183224	165220352
745	200	175344152	189636608	71864320	31125440	15183224	165453824
746	200	182648014	189435904	71602176	31064672	15183224	165662720
747	200	191655161	189575168	71864320	31063648	15183224	165888000
748	200	181625194	189833216	71864320	31081416	15183224	166117376
749	200	178301534	189636608	71602176	31092584	15183224	166334464
750	200	177656090	189767680	71864320	31083200	15183224	166559744
751	200	180084048	190013440	71864320	31063648	15183224	166793216
752	200	180525356	190083072	71864320	31083560	15183224	167010304
753	200	191216124	190140416	71864320	31063648	15183224	167239680
754	200	185237626	189939712	71602176	31076312	15183224	167448576
755	200	179505284	190078976	71864320	31063648	15183224	167694336
756	200	179376963	190337024	71864320	31093336	15183224	167899136
757	200	184760513	190148608	71602176	31064672	15183224	168112128
758	200	184444471	190287872	71864320	31063648	15183224	168337408
759	200	184735125	190554112	71864320	31063648	15183224	168570880
760	200	177018416	190611456	71864320	31071544	15183224	168783872
761	200	171240235	190656512	71864320	31065384	15183224	168996864
762	200	176784064	190451712	71602176	31063648	15183224	169218048
763	200	177162296	190590976	71864320	31092968	15183224	169455616
764	200	186118335	190844928	71864320	31063648	15183224	169672704
765	200	191531964	190648320	71602176	31077448	15183224	169885696
766	200	169709467	190779392	71864320	31063648	15183224	170102784
767	200	178162817	191041536	71864320	31064672	15183224	170340352
768	200	181729058	191102976	71864320	31083560	15183224	170565632
769	200	189687639	191172608	71864320	31063648	15183224	170799104
770	200	177681990	191225856	71864320	31071544	15183224	171020288
771	200	176320699	191279104	71864320	31092968	15183224	171241472
772	200	181387150	191074304	71602176	31063648	15183224	171450368
773	200	176697254	191213568	71864320	31065384	15183224	171671552
774	200	181413829	191459328	71864320	31080856	15183224	171888640
775	200	180704032	191533056	71864320	31087968	15183224	172118016
776	200	183172771	191610880	71864320	31063648	15183224	172347392
777	200	173641821	191410176	71602176	31064672	15183224	172572672
778	200	179982981	191545344	71864320	31063648	15183224	172765184
779	200	184813385	191803392	71864320	31063648	15183224	172998656
780	200	196821977	191860736	71864320	31087800	15183224	173211648
781	200	191169652	191913984	71864320	31063648	15183224	173424640
782	200	176395063	191709184	71602176	31077448	15183224	173637632
783	200	180804524	191840256	71864320	31076128	15183224	173875200
784	200	180243027	192110592	71864320	31083560	15183224	174108672
785	200	180367032	191909888	71602176	31065384	15183224	174325760
786	200	172579193	192045056	71864320	31063648	15183224	174542848
787	200	188294792	192294912	71864320	31064672	15183224	174759936
788	200	173837180	192106496	71602176	31063648	15183224	174997504
789	200	186591170	192245760	71864320	31063648	15183224	175210496
790	200	189539337	192491520	71864320	31071544	15183224	175439872
791	200	180371791	192544768	71864320	31083952	15183224	175681536
792	200	179446625	192614400	71864320	31084824	15183224	175894528
793	200	187536440	192409600	71602176	31063648	15183224	176115712
794	200	171545200	192552960	71864320	31063648	15183224	176340992
795	200	175650126	192811008	71864320	31063648	15183224	176566272
796	200	190707111	192622592	71602176	31063648	15183224	176787456
797	200	184199815	192761856	71864320	31076312	15183224	177000448
798	200	176035770	193015808	71864320	31066408	15183224	177233920
799	200	171545428	192827392	71602176	31106472	15183224	177455104
800	200	175672627	192950272	71864320	31103128	15183224	177655808
801	200	184523302	193191936	71864320	31064744	15183224	177889280
802	200	185639933	192999424	71602176	31063992	15183224	178106368
803	200	202343884	193138688	71864320	31126080	15183224	178335744
804	200	180816883	193396736	71864320	31063992	15183224	178544640
805	200	206145490	193200128	71602176	31093016	15183224	178753536
806	200	180347568	193855488	71864320	31063992	15183224	178978816
807	200	183132403	194117632	71864320	31063992	15183224	179204096
808	200	192543625	194179072	71864320	31065016	15183224	179437568
809	200	181829454	194244608	71864320	31063992	15183224	179654656
810	200	185552060	194293760	71864320	31103312	15183224	179888128
811	200	178716787	194351104	71864320	31063992	15183224	180105216
812	200	182242692	194416640	71864320	31063992	15183224	180334592
813	200	184503969	194473984	71864320	31063992	15183224	180555776
814	200	183965678	194277376	71602176	31063992	15183224	180781056
815	200	173757367	194424832	71864320	31063992	15183224	181018624
816	200	179802474	194682880	71864320	31124904	15183224	181239808
817	200	179816268	194482176	71602176	31091192	15183224	181448704
818	200	195876748	194617344	71864320	31077680	15183224	181678080
819	200	175232764	194883584	71864320	31110528	15183224	181911552
820	200	182366030	194932736	71864320	31071888	15183224	182145024
821	200	189514858	194994176	71864320	31063992	15183224	182358016
822	200	180351456	194789376	71602176	31065728	15183224	182575104
823	200	180701476	194932736	71864320	31093312	15183224	182820864
824	200	182791395	195190784	71864320	31063992	15183224	183029760
825	200	192282801	194990080	71602176	31075648	15183224	183242752
826	200	174971936	195121152	71864320	31063992	15183224	183459840
827	200	178271472	195387392	71864320	31063992	15183224	183672832
828	200	170743215	195186688	71602176	31082224	15183224	183914496
829	200	176568078	195325952	71864320	31091192	15183224	184131584
830	200	185403658	195571712	71864320	31071888	15183224	184365056
831	200	184134641	195366912	71602176	31063992	15183224	184586240
832	200	177287053	195493888	71864320	31083904	15183224	184799232
833	200	179440253	195743744	71864320	31107112	15183224	185028608
834	200	181014111	195547136	71602176	31065728	15183224	185245696
835	200	181664974	195698688	71864320	31063992	15183224	185462784
836	200	174492926	195948544	71864320	31067960	15183224	185683968
837	200	183624426	196014080	71864320	31076472	15183224	185917440
838	200	186297050	196083712	71864320	31063992	15183224	186130432
839	200	182211400	195887104	71602176	31065016	15183224	186363904
840	200	191203151	196026368	71864320	31084552	15183224	186580992
841	200	182888639	196276224	71864320	31063992	15183224	186814464
842	200	182444022	196075520	71602176	31063992	15183224	187023360
843	200	171177164	196210688	71864320	31086464	15183224	187236352
844	200	202018742	196464640	71864320	31063992	15183224	187465728
845	200	176510160	196272128	71602176	31063992	15183224	187691008
846	200	192380553	196411392	71864320	31081200	15183224	187912192
847	200	181756329	196665344	71864320	31065728	15183224	188133376
848	200	181729186	196726784	71864320	31083904	15183224	188354560
849	200	176407572	196796416	71864320	31065016	15183224	188588032
850	200	185128712	196857856	71864320	31097344	15183224	188825600
851	200	182062187	196907008	71864320	31063992	15183224	189042688
852	200	188839518	196706304	71602176	31092744	15183224	189255680
853	200	199136870	196845568	71864320	31091192	15183224	189485056
854	200	201251764	197095424	71864320	31063992	15183224	189718528
855	200	186176764	196894720	71602176	31063992	15183224	189939712
856	200	178834176	197033984	71864320	31063992	15191416	190152704
857	200	178497695	197292032	71864320	31063992	15183224	190386176
858	200	189795928	197107712	71602176	31080248	15183224	190623744
859	200	191193300	197251072	71864320	31066752	15183224	190836736
860	200	169678950	197488640	71864320	31071888	15183224	191049728
861	200	169286115	197283840	71602176	31063992	15183224	191279104
862	200	178901872	197414912	71864320	31104000	15183224	191504384
863	200	185540535	197672960	71864320	31063992	15183224	191725568
864	200	186788334	197730304	71864320	31113592	15183224	191938560
865	200	182573243	197795840	71864320	31093312	15183224	192167936
866	200	179005253	197611520	71602176	31063992	15183224	192405504
867	200	178031071	197746688	71864320	31077792	15183224	192602112
868	200	176920540	197996544	71864320	31063992	15183224	192835584
869	200	179516517	197804032	71602176	31065016	15183224	193073152
870	200	184565748	197931008	71864320	31071888	15183224	193306624
871	200	183152478	198172672	71864320	31095048	15183224	193523712
872	200	189510265	198225920	71864320	31063992	15183224	193740800
873	200	176480204	198299648	71864320	31063992	15183224	193966080
874	200	183995714	198103040	71602176	31063992	15183224	194199552
875	200	179877753	198250496	71864320	31075648	15183224	194424832
876	200	175359746	198504448	71864320	31063992	15183224	194633728
877	200	171701181	198307840	71602176	31063992	15183224	194846720
878	200	169199300	198443008	71864320	31063992	15183224	195072000
879	200	178226998	198692864	71864320	31094752	15183224	195297280
880	200	190321978	198746112	71864320	31095768	15183224	195522560
881	200	180857146	198811648	71864320	31063992	15183224	195739648
882	200	181372569	198610944	71602176	31081200	15183224	195964928
883	200	189011350	198750208	71864320	31136624	15183224	196173824
884	200	182508815	199000064	71864320	31079528	15183224	196386816
885	200	183774760	198815744	71602176	31063992	15183224	196628480
886	200	178663336	198963200	71864320	31125216	15183224	196853760
887	200	179688933	199217152	71864320	31063992	15183224	197062656
888	200	175985374	199278592	71864320	31063992	15183224	197283840
889	200	182338346	199352320	71864320	31063992	15183224	197509120
890	200	186846026	199405568	71864320	31072912	15183224	197758976
891	200	181907031	199462912	71864320	31076472	15183224	197967872
892	200	186797188	199262208	71602176	31091192	15183224	198189056
893	200	178119256	199413760	71864320	31091192	15183224	198422528
894	200	177096059	199663616	71864320	31091192	15183224	198656000
895	200	175374037	199462912	71602176	31093016	15183224	198868992
896	200	198616669	199610368	71864320	31085640	15183224	199102464
897	200	182001594	199872512	71864320	31080248	15183224	199319552
898	200	178068469	199933952	71864320	31063992	15183224	199553024
899	200	172675618	199995392	71864320	31063992	15183224	199774208
900	200	180415599	200048640	71864320	31101776	15183224	199995392
901	200	192739995	200105984	71864320	31077064	15183224	200216576
902	200	182687487	199905280	71602176	31062512	15183224	200441856
903	200	186175176	200040448	71864320	31082808	15183224	200667136
904	200	188600780	200290304	71864320	31083064	15183224	200888320
905	200	191610030	200097792	71602176	31104200	15183224	201121792
906	200	188154421	200241152	71864320	31062512	15183224	201359360
907	200	186594999	200503296	71864320	31062512	15183224	201560064
908	200	182297243	200306688	71602176	31064248	15183224	201777152
909	200	194937983	200445952	71864320	31062512	15183224	202002432
910	200	183663604	200679424	71864320	31071432	15183224	202240000
911	200	185168623	200474624	71602176	31063976	15183224	202457088
912	200	188411600	200609792	71864320	31083136	15183224	202682368
913	200	186050272	200867840	71864320	31063224	15183224	202911744
914	200	185993681	200667136	71602176	31063224	15183224	203137024
915	200	181138378	200806400	71864320	31063224	15183224	203345920
916	200	178544591	201068544	71864320	31063224	15183224	203567104
917	200	183336271	200871936	71602176	31063224	15183224	203796480
918	200	183987014	201015296	71864320	31106712	15183224	204013568
919	200	182107388	201273344	71864320	31063224	15183224	204238848
920	200	184309038	201326592	71864320	31073880	15183224	204460032
921	200	185419716	201375744	71864320	31064432	15183224	204677120
922	200	190990786	201179136	71602176	31063680	15183224	204906496
923	200	192935976	201326592	71864320	31063680	15183224	205127680
924	200	179663732	201588736	71864320	31096112	15183224	205348864
925	200	193544688	201392128	71602176	31075336	15183224	205565952
926	200	188500223	201531392	71864320	31076344	15183224	205778944
927	200	188881134	201781248	71864320	31063680	15183224	206000128
928	200	185047251	201854976	71864320	31083592	15183224	206237696
929	200	177186529	201916416	71864320	31063680	15183224	206467072
930	200	188138048	201969664	71864320	31098776	15183224	206692352
931	200	182609331	202027008	71864320	31093192	15183224	206917632
932	200	171989547	201830400	71602176	31064216	15183224	207138816
933	200	174280182	201969664	71864320	31065952	15183224	207376384
934	200	174753309	202223616	71864320	31064216	15183224	207560704
935	200	185187770	202027008	71602176	31078016	15183224	207785984
936	200	184475143	202186752	71864320	31097680	15183224	208019456
937	200	188634781	202432512	71864320	31064216	15183224	208244736
938	200	184212833	202240000	71602176	31064216	15183224	208453632
939	200	185144327	202383360	71864320	31092824	15183224	208691200
940	200	177748022	202633216	71864320	31072112	15183224	208904192
941	200	180602111	202428416	71602176	31066320	15183224	209117184
942	200	176729829	202559488	71864320	31064544	15183224	209346560
943	200	174093782	202813440	71864320	31093864	15183224	209575936
944	200	170188498	202878976	71864320	31084456	15183224	209797120
945	200	167744879	202936320	71864320	31078760	15183224	210014208
946	200	181923696	202731520	71602176	31064544	15183224	210239488
947	200	186619092	202874880	71864320	31064544	15183224	210448384
948	200	181524683	203128832	71864320	31077208	15183224	210677760
949	200	183244081	202928128	71602176	31093864	15183224	210898944
950	200	182365343	203059200	71864320	31084096	15183224	211140608
951	200	181126701	203313152	71864320	31066824	15183224	211369984
952	200	182646214	203370496	71864320	31078848	15183224	211574784
953	200	179186830	203431936	71864320	31087768	15183224	211791872
954	200	185970032	203231232	71602176	31082256	15183224	212008960
955	200	184240507	203366400	71864320	31094368	15183224	212226048
956	200	187200856	203624448	71864320	31065048	15183224	212434944
957	200	178713835	203423744	71602176	31066784	15183224	212668416
958	200	180026026	203563008	71864320	31065048	15183224	212877312
959	200	179906852	203825152	71864320	31065048	15183224	213106688
960	200	180390825	203878400	71864320	31092856	15183224	213315584
961	200	183909298	203927552	71864320	31096472	15183224	213528576
962	200	184095570	203722752	71602176	31065376	15183224	213741568
963	200	182749302	203857920	71864320	31065376	15183224	213966848
964	200	190504577	204111872	71864320	31065376	15183224	214196224
965	200	182651833	203915264	71602176	31065376	15183224	214421504
966	200	185474324	204062720	71864320	31065376	15183224	214650880
967	200	176168525	204324864	71864320	31065376	15183224	214872064
968	200	184360335	204398592	71864320	31069344	15183224	215085056
969	200	186713738	204464128	71864320	31091840	15183224	215314432
970	200	180251222	204513280	71864320	31075008	15183224	215543808
971	200	187841550	204566528	71864320	31066456	15183224	215769088
972	200	185796534	204365824	71602176	31096416	15183224	215973888
973	200	187870905	204500992	71864320	31092904	15183224	216207360
974	200	178933336	204754944	71864320	31065704	15183224	216440832
975	200	187912199	204558336	71602176	31093616	15183224	216666112
976	200	179909768	204701696	71864320	31085616	15183224	216866816
977	200	168507728	204955648	71864320	31065704	15183224	217100288
978	200	173819736	204759040	71602176	31065704	15183224	217325568
979	200	182656091	204902400	71864320	31065704	15183224	217546752
980	200	176820745	205148160	71864320	31073600	15183224	217755648
981	200	195384839	204939264	71602176	31066784	15183224	217993216
982	200	175240618	205078528	71864320	31068792	15183224	218218496
983	200	184971523	205336576	71864320	31066032	15183224	218443776
984	200	185954574	205398016	71864320	31094640	15183224	218648576
985	200	178826371	205455360	71864320	31093232	15183224	218882048
986	200	187915142	205533184	71864320	31098280	15183224	219107328
987	200	184450462	205598720	71864320	31084480	15183224	219320320
988	200	184371370	205406208	71602176	31086784	15183224	219545600
989	200	185212691	205545472	71864320	31086784	15183224	219779072
990	200	190168778	205783040	71864320	31111888	15183224	219996160
991	200	184951560	205570048	71602176	31160088	15183224	220221440
992	200	189226871	205709312	71864320	31106896	15183224	220434432
993	200	187919281	205955072	71864320	31086288	15183224	220655616
994	200	183827901	205754368	71602176	31088352	15183224	220868608
995	200	196983480	205889536	71864320	31086944	15183224	221102080
996	200	184055979	206147584	71864320	31087272	15183224	221323264
997	200	194143934	205950976	71602176	31087600	15183224	221548544
998	200	186314426	206082048	71864320	31087928	15183224	221757440
999	200	185912382	206331904	71864320	31100736	15183224	221974528
1000	200	194608100	206385152	71864320	31170384	15183224	222183424
1001	15	20007175	206180352	71602176	31211096	15183224	222183424
