block	steps	btime	rss	heapTotal	heapUsed	external
1	200	219668114	140333056	75325440	56766664	17210692
2	200	203719319	144728064	80306176	51409328	17210724
3	200	193189848	149037056	84238336	63537080	17210724
4	200	214285341	153526272	89190400	59656120	17210724
5	200	210893998	157638656	92860416	73358520	17210724
6	200	220759709	161878016	96792576	71763216	17210724
7	200	226347558	166924288	102301696	71926976	17210724
8	200	237289985	171585536	106434560	73237360	17210724
9	200	243326699	175710208	110891008	92166760	17210724
10	200	239970469	179920896	115347456	95662120	17210724
11	200	246460905	184213504	119279616	100608688	17210724
12	200	252114454	188502016	123998208	90206192	17210724
13	200	261585949	192671744	127930368	97680272	17210724
14	200	288539081	196874240	131862528	106526968	17210724
15	200	292306391	201048064	136056832	116624856	17210724
16	200	283869592	206221312	141434880	112348512	17210724
17	200	287956627	210481152	145629184	125109184	17210724
18	200	323605890	213143552	147759104	47148712	17198112
19	200	290233339	213413888	147759104	46263264	17198112
20	200	293314151	213442560	147759104	63308592	17198112
21	200	316005575	213454848	147759104	65387032	17198112
22	200	324731916	213553152	147759104	68382576	17198112
23	200	326924907	213561344	147759104	72672832	17198112
24	200	341783510	201428992	134651904	57177544	17198112
25	200	355123297	201453568	134651904	47566768	17198112
26	200	375274362	201990144	135180288	56468208	17198112
27	200	356205554	201994240	135180288	66150544	17198112
28	200	351270516	203657216	136499200	78388392	17198112
29	200	408653702	202911744	135438336	43375880	17198112
30	200	364365464	202911744	135438336	57208808	17198112
31	200	378323074	202911744	135438336	55544880	17198112
32	200	387295556	204750848	137277440	73768256	17198112
33	200	402699358	204750848	137277440	74819416	17198112
34	200	385837877	204750848	137277440	77071680	17198112
35	200	410634501	204750848	137277440	80713568	17198112
36	200	397169801	204750848	137277440	85693464	17198112
37	200	422075740	204812288	137277440	92032120	17198112
38	200	412229527	204865536	137539584	99598008	17198112
39	200	439622547	206536704	139374592	91908784	17198112
40	200	462544860	206376960	138977280	57587376	17198112
41	200	467739839	206905344	139501568	52765456	17198112
42	200	458650358	207179776	139763712	65810200	17198112
43	200	488558164	207179776	139763712	63297504	17198112
44	200	496308161	204156928	136617984	52325936	17198112
45	200	489110656	204185600	136617984	52477832	17198112
46	200	500019573	204185600	136617984	54101584	17198112
47	200	536293075	204185600	136617984	73681136	17198112
48	200	537553341	204185600	136617984	78027224	17198112
49	200	522125202	204185600	136617984	66906728	17198112
50	200	530822596	203943936	136093696	65049144	17198112
51	200	545088871	203943936	136093696	56606352	17198112
52	200	568079643	203943936	136093696	51417768	17198112
53	200	556300403	203943936	136093696	62305744	17198112
54	200	565469145	203943936	136093696	57764440	17198112
55	200	560183121	204214272	136364032	71571752	17198112
56	200	554603864	204214272	136364032	69701888	17198112
57	200	596099042	204230656	136364032	61974344	17198112
58	200	603440308	204230656	136364032	62831520	17198112
59	200	604335757	204230656	136364032	64966096	17198112
60	200	580850267	205283328	137416704	69514200	17198112
61	200	572940784	205287424	137416704	74318320	17198112
62	200	622983825	205438976	137678848	80455456	17198112
63	200	660087610	206594048	138461184	57229224	17198112
64	200	629165207	207646720	139513856	67021480	17198112
65	200	645679173	207646720	139513856	77144360	17198112
66	200	653305274	207646720	139513856	71831152	17198112
67	200	645632516	207646720	139513856	84601496	17198112
68	200	660863136	208838656	140828672	83014000	17198112
69	200	666850177	210014208	141881344	82720504	17198112
70	200	696269048	210116608	141877248	63019184	17198112
71	200	671227624	210116608	141877248	64417512	17198112
72	200	663891800	210116608	141877248	67149536	17198112
73	200	705854627	210116608	141877248	88035944	17198112
74	200	714418905	208379904	139771904	71798648	17198112
75	200	684189586	208379904	139771904	78511680	17206304
76	200	708287206	208379904	139771904	69855008	17206304
77	200	723766903	208535552	139771904	67907296	17198112
78	200	708936634	208547840	139771904	61816656	17198112
79	200	728530728	208547840	139771904	73937776	17198112
80	200	733026802	208642048	140034048	70644168	17198112
81	200	732480381	208867328	140296192	85455696	17198112
82	200	777628871	210120704	141492224	85721880	17198112
83	200	762628625	210571264	141492224	59299704	17198112
84	200	772902129	210571264	141492224	78095976	17198112
85	200	757839251	210571264	141492224	81568144	17198112
86	200	763944832	210624512	141754368	86375016	17198112
87	200	791569149	210886656	142016512	75790360	17198112
88	200	777285543	211152896	142278656	83116600	17198112
89	200	799066178	211714048	142802944	91838440	17198112
90	200	827248312	212860928	143851520	65437552	17198112
91	200	831080912	212860928	143851520	76797848	17198112
92	200	803001264	212860928	143851520	72785136	17198112
93	200	839870451	212930560	143851520	86768152	17198112
94	200	803746484	213028864	144113664	85428400	17198112
95	200	863040534	213192704	144113664	61439432	17198112
96	200	834879668	213192704	144113664	79446904	17198112
97	200	854896421	213192704	144113664	82143576	17198112
98	200	843533091	213278720	144375808	86077936	17198112
99	200	909928814	213590016	144375808	76769264	17198112
100	200	852932186	213590016	144375808	66710640	17198112
101	200	912905285	213590016	144375808	74717864	17198112
102	200	877259143	213590016	144375808	83956728	17198112
103	200	899563735	213651456	144637952	94653976	17198112
104	200	910377978	213958656	144637952	65335472	17198112
105	200	903710598	213958656	144637952	78697008	17198112
106	200	901296158	214044672	144900096	76546592	17198112
107	200	965645636	214523904	144900096	75445312	17198112
108	200	912235157	214523904	144900096	76081768	17198112
109	200	913383942	214585344	145162240	77941520	17198112
110	200	1019779681	215236608	145424384	68268240	17198112
111	200	940192625	215236608	145424384	72806480	17198112
112	200	994562301	215236608	145424384	75756864	17198112
113	200	956012162	215244800	145424384	83023680	17198112
114	200	1000592092	215298048	145686528	74889752	17198112
115	200	981933015	215511040	145686528	84824440	17198112
116	200	1078992400	215556096	145686528	75131224	17198112
117	200	1075711721	215605248	145948672	87732336	17198112
118	200	1186631773	215977984	145948672	75990200	17198112
119	200	1035639706	216035328	146210816	74481664	17198112
120	200	1064400715	216514560	146210816	79685408	17198112
121	200	1001931711	216563712	146472960	80856664	17198112
122	200	1058554754	216776704	146472960	81115056	17198112
123	200	1042538279	218927104	148836352	87091760	17198112
124	200	1044847537	217219072	146997248	81712920	17198112
125	200	1104536043	221683712	150667264	74920056	17198112
126	200	1032176714	221683712	150667264	82756440	17198112
127	200	1039195129	221736960	150929408	91983952	17198112
128	200	1075744502	221999104	151191552	85652368	17198112
129	200	1072913760	222257152	151453696	97530528	17198112
130	200	1080831551	226598912	155914240	96004184	17198112
131	200	1072796710	228790272	158011392	110583232	17198112
132	200	1125455515	231014400	160370688	109633632	17198112
133	200	1089103964	233242624	162467840	109993968	17198112
134	200	1123029300	237654016	167976960	130603544	17198112
135	200	1133777139	235532288	164560896	89673688	17198112
136	200	1103598590	235532288	164560896	77561584	17198112
137	200	1125387691	237633536	166662144	85492024	17198112
138	200	1181444804	230096896	159318016	77840480	17198112
139	200	1163555366	232198144	161419264	88404976	17198112
140	200	1138112488	232198144	161419264	98126816	17198112
141	200	1218505761	230297600	159318016	76577384	17198112
142	200	1155868882	230297600	159318016	89106296	17198112
143	200	1221612442	232398848	161419264	88230064	17198112
144	200	1184456410	232714240	161681408	103308216	17198112
145	200	1241187367	230612992	159580160	82483368	17198112
146	200	1200312697	230612992	159580160	83492752	17198112
147	200	1207650627	232714240	161681408	87945904	17198112
148	200	1216395623	234815488	163782656	110527128	17198112
149	200	1245258894	230612992	159580160	86340744	17198112
150	200	1221923876	230612992	159580160	92689600	17198112
151	200	1229976954	232787968	161943552	102461768	17198112
152	200	1271808881	232976384	161943552	88422032	17198112
153	200	1282819944	230875136	159842304	78297704	17198112
154	200	1266064938	232976384	161943552	92121952	17198112
155	200	1264493225	232976384	161943552	88406912	17198112
156	200	1288638809	230875136	159842304	78838976	17198112
157	200	1258708991	230875136	159842304	94589928	17198112
158	200	1301817217	233025536	162205696	97050216	17198112
159	200	1284975528	233308160	162467840	98744440	17198112
160	200	1311754924	239800320	168767488	107973824	17198112
161	200	1327868459	233496576	162463744	82940520	17198112
162	200	1308743201	233496576	162463744	88628224	17198112
163	200	1364610876	233496576	162463744	95641240	17198112
164	200	1324287701	235401216	164577280	105751000	17198112
165	200	1370199697	234323968	163643392	93945248	17198112
166	200	1380254516	234377216	163905536	88156208	17198112
167	200	1423500862	234635264	164167680	100440472	17198112
168	200	1380486052	235532288	164429824	84085176	17198112
169	200	1407974793	235532288	164429824	99153776	17198112
170	200	1370507891	235601920	164691968	98761016	17198112
171	200	1359021584	235794432	164691968	99592352	17198112
172	200	1421753274	235540480	164691968	99662216	17198112
173	200	1439239458	235540480	164691968	103338664	17198112
174	200	1386377170	235614208	164954112	108305320	17198112
175	200	1370558137	235802624	164954112	114654248	17198112
176	200	1459340362	236240896	165478400	105451912	17198112
177	200	1444017458	237318144	166002688	93645600	17198112
178	200	1404409470	237555712	166264832	103841320	17198112
179	200	1468003280	237912064	166264832	89171256	17198112
180	200	1550755900	237961216	166526976	102184056	17198112
181	200	1459493939	238223360	166789120	99630936	17198112
182	200	1488583909	237686784	166789120	93434064	17198112
183	200	1527577258	237780992	167051264	93638560	17198112
184	200	1466535783	238006272	167313408	111975872	17198112
185	200	1504184083	238243840	167313408	100766520	17198112
186	200	1481540347	238309376	167575552	104985056	17198112
187	200	1557016053	238559232	167837696	110564904	17198112
188	200	1519544625	238854144	168099840	117463304	17198112
189	200	1483575902	239095808	168361984	109032664	17198112
190	200	1576675058	241061888	170459136	118572032	17198112
191	200	1553801931	242495488	170983424	104287872	17198112
192	200	1510880793	242495488	170983424	99738944	17198112
193	200	1644575706	242577408	170983424	99438040	17198112
194	200	1545057033	242577408	170983424	97578488	17198112
195	200	1593380176	242143232	170983424	99431200	17198112
196	200	1564686130	242143232	170983424	100157160	17198112
197	200	1634325854	242327552	171245568	102294384	17198112
198	200	1553746368	242413568	171245568	105681872	17198112
199	200	1557128648	242413568	171245568	110434056	17206304
200	200	1604998067	243208192	172294144	105039504	17198112
201	200	1666456936	243208192	172294144	95850056	17198112
202	200	1579495324	243343360	172556288	104595488	17198112
203	200	1602715275	243613696	172818432	114660432	17198112
204	200	1592071029	243908608	173080576	109355992	17198112
205	200	1735635799	244232192	173080576	106066392	17198112
206	200	1628519904	244232192	173080576	103470808	17198112
207	200	1634483414	244297728	173342720	118898040	17198112
208	200	1633352670	244547584	173604864	119043984	17198112
209	200	1754150517	244637696	173604864	103172576	17198112
210	200	1653905911	244637696	173604864	105912384	17198112
211	200	1651667291	244637696	173604864	109975584	17198112
212	200	1691025103	245071872	173604864	97100800	17198112
213	200	1735458350	245071872	173604864	103808744	17198112
214	200	1721875193	244387840	173604864	108835176	17198112
215	200	1683408165	244441088	173867008	101557960	17198112
216	200	1678175087	245702656	174919680	113269480	17198112
217	200	1767387429	245755904	175181824	125283480	17198112
218	200	1707750761	246013952	175443968	122023408	17198112
219	200	1768232547	248279040	177020928	109850456	17198112
220	200	1745254595	248397824	177283072	109217664	17198112
221	200	1839607189	248643584	177545216	109813688	17198112
222	200	1719706937	248852480	177545216	128662304	17198112
223	200	1802521266	248647680	177012736	105248144	17198112
224	200	1776997025	248713216	177274880	109850032	17198112
225	200	1902941786	248131584	177274880	104966520	17198112
226	200	1769394213	248193024	177537024	112254048	17198112
227	200	1783581730	248446976	177799168	120941160	17198112
228	200	1767296398	248709120	178061312	114234184	17198112
229	200	1835253553	249126912	178061312	113995120	17198112
230	200	1887382402	249126912	178061312	109890800	17198112
231	200	1813339268	249180160	178323456	123853176	17198112
232	200	1813946073	249438208	178585600	122491032	17198112
233	200	1806352997	250638336	179896320	122401184	17198112
234	200	1991242118	251056128	180420608	111007576	17198112
235	200	1816694625	251342848	180682752	113599120	17198112
236	200	1898228313	252260352	180682752	105732488	17198112
237	200	1862310949	252260352	180682752	111038976	17198112
238	200	1859666127	252260352	180682752	117566608	17198112
239	200	1967629287	252260352	180682752	125433192	17198112
240	200	1911136196	252739584	181207040	134700576	17198112
241	200	1934110435	253693952	182779904	104827160	17198112
242	200	1901953739	253693952	182779904	116740736	17198112
243	200	1999953348	253947904	183042048	113274816	17198112
244	200	1980928538	254615552	183042048	104364056	17198112
245	200	1903769310	254615552	183042048	120309384	17198112
246	200	1917666759	254689280	183304192	120803600	17198112
247	200	1968451157	255205376	183828480	122663016	17198112
248	200	2040834387	255488000	184090624	125831104	17198112
249	200	1941740839	256229376	184877056	130384800	17198112
250	200	2019768161	265842688	194052096	116782216	17198112
251	200	1948833490	265842688	194052096	123965704	17198112
252	200	2068980809	265842688	194052096	132385368	17198112
253	200	1967381936	266067968	194314240	142279536	17198112
254	200	1978195350	266305536	194576384	136956744	17198112
255	200	2054502850	266850304	195100672	149518832	17198112
256	200	1981329588	268300288	196673536	146746304	17198112
257	200	2020073205	274722816	202969088	149353424	17198112
258	200	1962772651	276897792	205328384	165814184	17198112
259	200	1982424407	279154688	207425536	166866912	17198112
260	200	1992780034	281403392	209784832	169368832	17198112
261	200	2027892835	287846400	216080384	177384992	17198112
262	200	2019510282	290082816	218963968	182474840	17198112
263	200	2015862793	292581376	221847552	188959888	17198112
264	200	2024045640	295088128	224206848	196752392	17198112
265	200	2058525967	297570304	226828288	189157952	17198112
266	200	2067931485	304754688	233910272	203728088	17198112
267	200	2053429220	309248000	238628864	215530168	17198112
268	200	2060192945	313749504	243085312	211937576	17198112
269	200	2047263907	318251008	247541760	226299424	17198112
270	200	2095581682	326955008	256196608	229512688	17198112
271	200	2065310490	331452416	260653056	229887992	17198112
272	200	2091645869	335962112	265109504	231540504	17198112
273	200	2083717499	340455424	269828096	234535712	17198112
274	200	2110942716	349159424	278220800	243089216	17198112
275	200	2090420357	353669120	282939392	248754408	17198112
276	200	2105987965	358178816	287395840	255753744	17198112
277	200	2126308294	362676224	291852288	264029264	17198112
278	200	2138489463	367185920	296570880	273686560	17198112
279	200	2166734267	375889920	304963584	272118344	17198112
280	200	2149315053	380407808	309682176	284407512	17198112
281	200	2146887998	384909312	314138624	281327296	17198112
282	200	2153246153	389419008	318595072	296314512	17198112
283	200	2181370230	398127104	327512064	300233544	17198112
284	200	2205020438	402636800	331706368	301149056	17198112
285	200	2165450101	407146496	336424960	303409648	17198112
286	200	2161895788	411652096	341143552	306938976	17198112
287	200	2198054823	420368384	349536256	316174056	17198112
288	200	2173144316	424882176	354254848	322485944	17198112
289	200	2193308727	429387776	358711296	330154464	17198112
290	200	2193344272	433905664	363167744	339149384	17198112
291	200	2234351847	442617856	372084736	336906208	17198112
292	200	2202912293	447123456	376279040	348510776	17198112
293	200	2220652378	451629056	380997632	344802640	17198112
294	200	2240363264	456138752	385191936	359102976	17198112
295	200	2261520335	465100800	394108928	362237096	17198112
296	200	2235802511	469610496	398827520	362462808	17198112
297	200	2258602836	474116096	403021824	380788728	17198112
298	200	2423145979	482836480	411938816	387964768	17198112
299	200	2261089043	487346176	416133120	392136256	17198112
300	200	2555286593	410464256	339017728	127657592	17198112
301	200	2345927232	412561408	341114880	133236064	17198112
302	200	2446445870	330407936	256966656	125266752	17198112
303	200	2318695089	334602240	261160960	131441752	17198112
304	200	2324554360	334602240	261160960	134802544	17198112
305	200	2317776470	334602240	261160960	139209512	17198112
306	200	2380341850	338800640	265359360	149212632	17198112
307	200	2348503477	338800640	265359360	152032664	17198112
308	200	2359662668	338800640	265359360	156298344	17198112
309	200	2327603740	347189248	273747968	165758160	17198112
310	200	2392565410	351387648	277946368	172399720	17198112
311	200	2370634485	351690752	278208512	176137296	17198112
312	200	2365855066	352120832	278470656	181218320	17198112
313	200	2367155901	352120832	278470656	187593752	17206304
314	200	2428172233	358084608	284504064	191232792	17206304
315	200	2385275545	360259584	286601216	200184528	17206304
316	200	2401339588	362434560	288698368	202069376	17206304
317	200	2444711545	369094656	296566784	209561168	17206304
318	200	2422909854	371593216	298663936	214054360	17206304
319	200	2419626001	374099968	301023232	219970640	17206304
320	200	2438514190	376614912	303906816	227210568	17206304
321	200	2454894756	400097280	327503872	240074768	17206304
322	200	2405505106	402620416	329863168	241545960	17206304
323	200	2455802536	405123072	332484608	244264256	17206304
324	200	2472759181	411824128	339042304	252535184	17206304
325	200	2472692560	414330880	341663744	257975200	17206304
326	200	2476366969	416841728	344023040	264802960	17206304
327	200	2514715159	423555072	350842880	277092976	17206304
328	200	2520860336	429760512	357150720	290299176	17206304
329	200	2523229782	432259072	359510016	284490880	17206304
330	200	2522213025	434778112	362131456	296612976	17206304
331	200	2536596674	441483264	368689152	297506056	17206304
332	200	2539793023	443990016	371310592	312254624	17206304
333	200	2502241512	446488576	373669888	311610544	17206304
334	200	2581312591	461586432	388882432	324812016	17206304
335	200	2574089290	464105472	391503872	326846936	17206304
336	200	2548981750	466612224	393863168	330264680	17206304
337	200	2537162390	469118976	396484608	334939920	17206304
338	200	2560544956	471621632	398843904	340947384	17206304
339	200	2557500125	474124288	401465344	348278568	17206304
340	200	2720056253	476639232	403824640	356934272	17206304
341	200	2558602204	479150080	406446080	350289512	17206304
342	200	2574788640	481652736	408805376	361655056	17206304
343	200	2597962638	484159488	411426816	374408016	17206304
344	200	2605205475	486670336	414048256	371820440	17206304
345	200	2945334349	411586560	338755584	143800928	17198112
346	200	2876516195	413683712	340852736	148690016	17198112
347	200	2682827685	413683712	340852736	152766296	17198112
348	200	2784693571	357474304	283181056	145690376	17198112
349	200	2671348721	357474304	283181056	150406896	17198112
350	200	2656041121	357474304	283181056	152158872	17198112
351	200	2669595931	357474304	283181056	159419432	17198112
352	200	2834162371	357474304	283181056	163739040	17198112
353	200	2689350956	357474304	283181056	165120328	17198112
354	200	2658243589	365862912	291569664	172025576	17198112
355	200	2684432218	365862912	291569664	175727120	17198112
356	200	2702240211	365862912	291569664	180830296	17198112
357	200	2721130170	365862912	291569664	187279536	17198112
358	200	2722401819	365862912	291569664	195035392	17198112
359	200	2880016194	365862912	291569664	195813296	17198112
360	200	2716326068	366125056	291831808	197897664	17198112
361	200	2724884145	366125056	291831808	201312232	17198112
362	200	2740230765	368177152	293928960	206013536	17198112
363	200	2732287303	370356224	296288256	212076592	17198112
364	200	2740473881	372633600	299433984	219557056	17198112
365	200	2923077972	375140352	302055424	219893136	17198112
366	200	2756905535	394428416	320929792	238259280	17198112
367	200	2750762720	396939264	323813376	232937264	17198112
368	200	2842234211	399441920	326172672	245500800	17198112
369	200	2777119045	401944576	328794112	242671808	17198112
370	200	2790437902	404459520	331415552	257973416	17198112
371	200	2786969408	406974464	333774848	257898128	17198112
372	200	2947116925	409481216	336396288	259168768	17198112
373	200	2820140924	411992064	338755584	261653056	17198112
374	200	2789792318	414498816	341377024	265477520	17198112
375	200	2849814676	417013760	343736320	270708216	17198112
376	200	2838048247	419528704	346357760	277214864	17198112
377	200	2823098205	422035456	348979200	285140056	17198112
378	200	2820568341	424542208	351338496	294288328	17198112
379	200	3050566914	427044864	353697792	288074224	17198112
380	200	2852385178	429547520	356319232	299887904	17198112
381	200	2825285405	432058368	358940672	296317240	17198112
382	200	2844647487	434556928	361299968	310868984	17198112
383	200	2873812873	437067776	363921408	309997280	17198112
384	200	2860856527	439578624	366280704	310418456	17198112
385	200	3281280039	410808320	337182720	153187384	17198112
386	200	2937803371	410808320	337182720	156977432	17198112
387	200	2953024231	410808320	337182720	162021576	17198112
388	200	2992767886	363671552	289472512	153700568	17198112
389	200	2997356567	363671552	289472512	157348864	17198112
390	200	2941151303	363671552	289472512	162322664	17198112
391	200	2937153799	363671552	289472512	164506784	17198112
392	200	3172906373	372060160	297861120	176296536	17198112
393	200	2978360861	372060160	297861120	180708856	17198112
394	200	2954264363	372060160	297861120	178088184	17198112
395	200	2969656030	372060160	297861120	185069408	17198112
396	200	2958896915	372060160	297861120	193385080	17198112
397	200	2996084724	372060160	297861120	194692536	17198112
398	200	3064626782	371351552	297074688	163171608	17198112
399	200	3257374748	371351552	297074688	167039440	17198112
400	200	3013627083	371351552	297074688	172340912	17198112
401	200	2983019586	371351552	297074688	170671608	17198112
402	200	2991400558	371351552	297074688	178518936	17198112
403	200	3001958245	388128768	313851904	187716712	17198112
404	200	3110081758	388055040	313851904	169258912	17198112
405	200	2995017113	388055040	313851904	164503600	17198112
406	200	3028413011	388055040	313851904	177595304	17198112
407	200	3259466971	388055040	313851904	175307856	17198112
408	200	3009133312	388055040	313851904	174310552	17198112
409	200	3082289907	388055040	313851904	191346488	17198112
410	200	3034153265	388055040	313851904	193207216	17198112
411	200	3019103583	388128768	314114048	196233408	17198112
412	200	3080322211	388411392	314376192	200505104	17198112
413	200	3085330365	388648960	314638336	206094040	17198112
414	200	3437730843	389029888	314638336	162697256	17198112
415	200	3059443709	389029888	314638336	170988856	17198112
416	200	3089552746	389029888	314638336	180688696	17198112
417	200	3094425296	389029888	314638336	175043800	17198112
418	200	3142750071	389029888	314638336	187335008	17198112
419	200	3147284320	389029888	314638336	184271584	17198112
420	200	3116268063	389029888	314638336	182481432	17198112
421	200	3110735550	389091328	314900480	198874112	17198112
422	200	3451623800	389599232	314900480	168482216	17198112
423	200	3144275469	389599232	314900480	170712552	17198112
424	200	3153708612	389599232	314900480	174332520	17198112
425	200	3166082463	389599232	314900480	179233976	17198112
426	200	3242534629	390307840	314900480	162580328	17198112
427	200	3164190999	390307840	314900480	170158504	17198112
428	200	3195876900	390307840	314900480	179116704	17198112
429	200	3144327342	390307840	314900480	172676832	17198112
430	200	3423123821	390307840	314900480	184391464	17198112
431	200	3186994469	390373376	315162624	180609480	17198112
432	200	3219488123	390569984	315162624	194886568	17198112
433	200	3208328771	390651904	315424768	193772504	17198112
434	200	3194376304	390844416	315424768	210737424	17198112
435	200	3265016231	390844416	315424768	212372640	17198112
436	200	3221748090	392749056	317521920	215193320	17198112
437	200	3435511570	396177408	321724416	168147632	17198112
438	200	3536494605	396177408	321724416	173691592	17198112
439	200	3280542094	396177408	321724416	180534408	17198112
440	200	3309505808	396177408	321724416	188749256	17198112
441	200	3311462278	396177408	321724416	198198176	17198112
442	200	3303849447	396447744	321986560	192442144	17198112
443	200	3274008394	396734464	322248704	204605792	17198112
444	200	3326811162	397025280	322510848	201448192	17198112
445	200	3319355640	397262848	322772992	216294288	17198112
446	200	3622326516	397504512	323035136	215932704	17198112
447	200	3304280887	397803520	323297280	216718880	17198112
448	200	3428531893	398557184	324337664	181056224	17198112
449	200	3312191250	398557184	324337664	184584632	17198112
450	200	3347840540	398581760	324337664	189477048	17198112
451	200	3345311112	398581760	324337664	179056552	17198112
452	200	3342430421	398581760	324337664	186511272	17198112
453	200	3408593107	398581760	324337664	195268272	17198112
454	200	3644422086	398970880	324599808	205438112	17198112
455	200	3397525295	398970880	324599808	200186520	17198112
456	200	3370980397	398970880	324599808	213007720	17198112
457	200	3370297040	398970880	324599808	210429032	17198112
458	200	3373165929	398970880	324599808	225854656	17198112
459	200	3495911693	401166336	326172672	182085280	17198112
460	200	3419688406	401166336	326172672	183661560	17198112
461	200	3411536826	401166336	326172672	186398680	17198112
462	200	3683434104	401166336	326172672	190424456	17198112
463	200	3459962079	401166336	326172672	195794704	17198112
464	200	3443022602	401166336	326172672	202498136	17198112
465	200	3442775087	401330176	326434816	210616912	17198112
466	200	3436518697	401539072	326434816	203203480	17198112
467	200	3490010188	401539072	326434816	213990208	17198112
468	200	3469871821	401592320	326696960	209306688	17198112
469	200	3548188392	401289216	326696960	174598808	17198112
470	200	3731505545	401289216	326696960	189323560	17198112
471	200	3480347952	401289216	326696960	188699248	17198112
472	200	3499882917	401289216	326696960	189304400	17198112
473	200	3515928506	401289216	326696960	191320776	17198112
474	200	3518872530	401342464	326959104	194706312	17198112
475	200	3518031618	401604608	327221248	199424696	17198112
476	200	3670300206	403353600	327221248	178858064	17198112
477	200	3533095190	403353600	327221248	186240536	17198112
478	200	3523384722	403353600	327221248	194888744	17198112
479	200	3798162119	403353600	327221248	188258224	17198112
480	200	3625467823	403353600	327221248	199576896	17198112
481	200	3584441204	403406848	327483392	195557152	17198112
482	200	3596674484	403668992	327745536	209588128	17198112
483	200	3585507162	403959808	328007680	208212152	17198112
484	200	3607981814	404189184	328269824	208113072	17198112
485	200	3572122236	404664320	328531968	226097480	17198112
486	200	3620866249	406441984	330366976	228670096	17198112
487	200	3742080412	407064576	331415552	181187312	17198112
488	200	3916179617	407064576	331415552	186407712	17198112
489	200	3750303914	407064576	331415552	193021880	17198112
490	200	3628323853	407064576	331415552	200913288	17198112
491	200	3819305399	407326720	331415552	182248504	17198112
492	200	3679753909	407326720	331415552	192853520	17198112
493	200	3641527343	407326720	331415552	188011536	17198112
494	200	3675773466	407326720	331415552	201309776	17198112
495	200	3665329537	407400448	331677696	199176592	17198112
496	200	3679002789	407650304	331939840	215090880	17198112
497	200	4102595798	407937024	332201984	215812288	17198112
498	200	3685718698	408195072	332464128	217726232	17198112
499	200	3740297568	408428544	332726272	220921000	17198112
500	200	3833036179	438624256	362090496	210200072	17198112
501	200	3692257363	438624256	362090496	216101392	17198112
502	200	3687108523	438624256	362090496	223331304	17198112
503	200	3705147608	438624256	362090496	231825984	17198112
504	200	3708296688	438677504	362352640	241720368	17198112
505	200	3774331516	438943744	362614784	236317960	17198112
506	200	4054568824	439201792	362876928	248808984	17198112
507	200	3732503794	439463936	363139072	245929656	17198112
508	200	3742286375	439734272	363401216	261171952	17198112
509	200	3739787687	440623104	364449792	261040288	17198112
510	200	3747139671	442884096	366546944	262132416	17198112
511	200	3782829545	445124608	368906240	264599872	17198112
512	200	3773791035	447348736	371003392	268403104	17198112
513	200	3765019909	449523712	373100544	273467000	17198112
514	200	3895856696	436215808	360251392	202398896	17198112
515	200	3786854765	436215808	360251392	210174312	17198112
516	200	4163119782	436215808	360251392	219331016	17198112
517	200	3824127970	436215808	360251392	213057864	17198112
518	200	3824377055	436215808	360251392	224856280	17198112
519	200	3819218078	436215808	360251392	221182920	17198112
520	200	3891903974	436215808	360251392	235736048	17198112
521	200	3833528386	436215808	360251392	234804600	17198112
522	200	3807435011	436310016	360513536	235138688	17198112
523	200	3833370841	436518912	360513536	253682480	17198112
524	200	3829090576	436518912	360513536	256918152	17198112
525	200	3998460695	436584448	360513536	210344160	17198112
526	200	3873257696	436584448	360513536	216020928	17198112
527	200	3884438851	436584448	360513536	223060600	17198112
528	200	3954395128	436584448	360513536	214696768	17198112
529	200	3926567592	436584448	360513536	224502384	17198112
530	200	3897854995	436584448	360513536	235599600	17198112
531	200	3913555684	436584448	360513536	231213592	17198112
532	200	3892952777	436654080	360775680	244926176	17198112
533	200	3923630878	436924416	361037824	243273712	17198112
534	200	3973439201	445554688	369692672	251338328	17198112
535	200	3950875240	445816832	369954816	269084896	17198112
536	200	4018999536	446074880	370216960	271539280	17198112
537	200	4097482000	437739520	361824256	213025800	17198112
538	200	3951299489	437739520	361824256	217986032	17198112
539	200	3981117188	437739520	361824256	224290040	17206304
540	200	3978982831	437739520	361824256	231931904	17206304
541	200	3991868157	437739520	361824256	224342320	17206304
542	200	4053846524	446132224	370216960	243056544	17206304
543	200	4208670892	437518336	361824256	215365216	17198112
544	200	4052916798	437518336	361824256	211636408	17198112
545	200	4038556160	437518336	361824256	225958624	17198112
546	200	4079432337	437518336	361824256	224969488	17198112
547	200	4060218915	437518336	361824256	225188608	17198112
548	200	4020065737	437518336	361824256	226828040	17198112
549	200	4059436567	437518336	361824256	229740432	17198112
550	200	4093531614	437518336	361824256	234071032	17198112
551	200	4136630886	445911040	370216960	248090248	17198112
552	200	4070775611	445911040	370216960	255009984	17198112
553	200	4049569801	445980672	370479104	263280688	17198112
554	200	4077412291	447397888	372051968	272848856	17198112
555	200	4271457203	441147392	365494272	220010632	17198112
556	200	4094066887	441147392	365494272	215562840	17198112
557	200	4086828098	441147392	365494272	229123440	17198112
558	200	4135034549	441147392	365494272	227434800	17198112
559	200	4080656721	441147392	365494272	226901792	17198112
560	200	4183506641	449540096	373886976	252895264	17198112
561	200	4120637979	449642496	374149120	255194424	17198112
562	200	4096294533	449921024	374411264	258847000	17198112
563	200	4155532278	450199552	374673408	263781976	17198112
564	200	4116169076	450482176	374935552	269995232	17198112
565	200	4221765441	450691072	375197696	260976832	17198112
566	200	4167921214	450965504	375459840	269838304	17198112
567	200	4281856367	443121664	368377856	220445256	17198112
568	200	4260412825	451514368	376770560	223580768	17198112
569	200	4180111107	451514368	376770560	236586792	17198112
570	200	4191220668	451514368	376770560	234008240	17198112
571	200	4164564890	451514368	376770560	249582488	17198112
572	200	4211461616	451514368	376770560	249688640	17198112
573	200	4243038783	451690496	376770560	251083768	17198112
574	200	4275896958	451690496	376770560	253883968	17198112
575	200	4412046807	443277312	368377856	217952304	17198112
576	200	4287098675	451670016	376770560	231766984	17198112
577	200	4215545019	451670016	376770560	238600048	17198112
578	200	4251024219	451670016	376770560	246755176	17198112
579	200	4289916050	451670016	376770560	239672688	17198112
580	200	4262344872	451670016	376770560	250465936	17198112
581	200	4280156710	451723264	377032704	245819616	17198112
582	200	4317160800	451932160	377032704	259368624	17198112
583	200	4291569690	451985408	377294848	257380264	17198112
584	200	4379481032	443949056	368902144	223993600	17198112
585	200	4292918795	443949056	368902144	224721368	17198112
586	200	4334490446	443949056	368902144	226755824	17198112
587	200	4340693447	443949056	368902144	230106184	17198112
588	200	4300525485	444002304	369164288	234852664	17198112
589	200	4362445878	444264448	369426432	240958096	17198112
590	200	4342809026	444526592	369688576	248365952	17198112
591	200	4357956638	444805120	369950720	257079704	17198112
592	200	4414157998	453480448	378605568	258919080	17198112
593	200	4359910437	453701632	378867712	270338168	17198112
594	200	4406833762	454778880	379916288	283069416	17198112
595	200	4408688695	456957952	382275584	280475632	17198112
596	200	4353422905	459169792	384372736	279195432	17198112
597	200	4468467375	452730880	377815040	230694600	17198112
598	200	4397098047	452730880	377815040	232067120	17198112
599	200	4424295437	452730880	377815040	234730456	17198112
600	200	4462253531	461123584	386207744	247072992	17198112
601	200	4411148785	461123584	386207744	252396144	17198112
602	200	4399010673	461123584	386207744	259020264	17198112
603	200	4446795267	461275136	386207744	266973656	17198112
604	200	4444765293	461275136	386207744	259728832	17198112
605	200	4474989655	461275136	386207744	270357240	17198112
606	200	4421038513	461275136	386207744	282333432	17198112
607	200	4702582542	453365760	377815040	229485248	17198112
608	200	4496066828	453365760	377815040	227393312	17198112
609	200	4476808404	453365760	377815040	226601840	17198112
610	200	4492072679	453365760	377815040	243938608	17198112
611	200	4452484487	453365760	377815040	245940504	17198112
612	200	4495436188	453365760	377815040	249134296	17198112
613	200	4569857189	453419008	378077184	253818360	17198112
614	200	4556338873	453713920	378339328	259755376	17198112
615	200	4562745285	462336000	386994176	275524736	17198112
616	200	4557097992	462626816	387256320	267371680	17198112
617	200	4526105006	462807040	387256320	277393104	17198112
618	200	4538416748	462888960	387518464	288693288	17198112
619	200	4539994567	464429056	389091328	284526048	17198112
620	200	4789989996	457936896	382795776	225501512	17198112
621	200	4566907076	457936896	382795776	240779968	17198112
622	200	4632619412	466329600	391188480	249139408	17198112
623	200	4560234927	466329600	391188480	250297568	17198112
624	200	4570281094	466329600	391188480	252836512	17198112
625	200	4597568009	466329600	391188480	256736336	17198112
626	200	4639016503	466599936	391450624	261971768	17198112
627	200	4599648923	466829312	391712768	268527272	17198112
628	200	4584935636	467091456	391974912	276351616	17198112
629	200	4631403641	475791360	400629760	293975912	17198112
630	200	4722208878	458555392	383844352	238181472	17198112
631	200	4625806048	458555392	383844352	233362712	17198112
632	200	4630620250	458555392	383844352	246631144	17198112
633	200	4664840956	458555392	383844352	244402376	17198112
634	200	4657513355	458555392	383844352	243543864	17198112
635	200	4671029934	458555392	383844352	260744552	17198112
636	200	4677750870	458555392	383844352	262580880	17198112
637	200	4814639272	466948096	392237056	274120800	17198112
638	200	4866798019	466948096	392237056	278552704	17198112
639	200	4892279534	459603968	383844352	232110360	17198112
640	200	4723531153	459603968	383844352	239201920	17198112
641	200	4764297823	459603968	383844352	247644704	17198112
642	200	4717754889	459603968	383844352	240695600	17198112
643	200	4730660427	459603968	383844352	251831808	17198112
644	200	4811400252	468049920	392499200	272708680	17198112
645	200	4837915928	468258816	392499200	270010360	17198112
646	200	4821170776	468324352	392761344	268428448	17198112
647	200	4799211210	468520960	392761344	284935304	17198112
648	200	4754104970	468520960	392761344	286259496	17198112
649	200	4760840942	468598784	393023488	288733776	17198112
650	200	4792552586	470089728	394596352	292470656	17198112
651	200	4953770699	461991936	387514368	231879840	17198112
652	200	4927325510	461991936	387514368	238223480	17206304
653	200	4820983348	461991936	387514368	245956328	17206304
654	200	4860201259	464093184	389615616	257115768	17206304
655	200	4790440494	464093184	389615616	267486560	17206304
656	200	4852141230	471764992	397234176	269946024	17206304
657	200	4838087367	480428032	405889024	291361688	17206304
658	200	4819094969	480673792	406151168	289214616	17206304
659	200	4809666618	480956416	406413312	288179600	17206304
660	200	4882552031	481234944	406675456	305308256	17206304
661	200	4848592083	481472512	406937600	307142928	17206304
662	200	4921616866	469757952	394592256	244408904	17198112
663	200	4875504295	469757952	394592256	248717248	17198112
664	200	5041774378	478150656	402984960	262832792	17198112
665	200	4892785634	478150656	402984960	269818976	17198112
666	200	4910883934	478150656	402984960	261467792	17198112
667	200	4886060016	478150656	402984960	271111376	17198112
668	200	4940404007	478343168	402984960	282091144	17198112
669	200	4949586952	478396416	403247104	277709432	17198112
670	200	5026132642	486998016	411639808	299734456	17198112
671	200	4932178759	487075840	411901952	298057496	17198112
672	200	4931519926	487321600	412164096	297692808	17198112
673	200	5007357253	487522304	412164096	315433240	17198112
674	200	5047882994	472551424	397475840	247956960	17198112
675	200	4965883493	472551424	397475840	251557304	17198112
676	200	5033372392	472551424	397475840	256457368	17198112
677	200	5021063090	480944128	405868544	271086104	17198112
678	200	4958020657	480944128	405868544	278754816	17198112
679	200	5140602963	480944128	405868544	271019888	17198112
680	200	5015664707	481120256	406130688	281256552	17198112
681	200	5022476148	481366016	406392832	292829736	17198112
682	200	5005510445	481619968	406654976	289181232	17198112
683	200	5100692230	490274816	415309824	295072480	17198112
684	200	5367183364	482299904	406913024	258424208	17198112
685	200	5037091381	482299904	406913024	258624504	17198112
686	200	5067569318	482299904	406913024	260124064	17198112
687	200	5063042851	482299904	406913024	279805760	17198112
688	200	5162468273	482299904	406913024	284193088	17198112
689	200	5009766237	482353152	407175168	273219832	17198112
690	200	5022897262	482824192	407437312	280065176	17198112
691	200	5059078927	482824192	407437312	288218552	17198112
692	200	5056418584	482824192	407437312	297736792	17198112
693	200	5098627623	482824192	407437312	291846568	17198112
694	200	5268253427	482848768	407699456	304031976	17198112
695	200	5073880268	485027840	409796608	300759280	17198112
696	200	5490844359	487198720	411893760	315692960	17198112
697	200	5113573211	489377792	413990912	315104736	17198112
698	200	5076453888	491548672	416350208	315897680	17198112
699	200	5131432449	493723648	418447360	317940536	17198112
700	200	5299651446	495902720	420544512	338066840	17198112
701	200	5348067724	497778688	422903808	260954648	17198112
702	200	5197452299	497778688	422903808	267014272	17198112
703	200	5158647243	497778688	422903808	274495864	17198112
704	200	5158215070	497778688	422903808	283269152	17198112
705	200	5177985957	497778688	422903808	276824736	17198112
706	200	5166720752	497778688	422903808	288289248	17198112
707	200	5215570656	497778688	422903808	284441304	17198112
708	200	5188023745	497778688	422903808	298615928	17198112
709	200	5571286828	497778688	422903808	297339592	17198112
710	200	5204957630	497778688	422903808	297331632	17198112
711	200	5246386142	498003968	423165952	298799344	17198112
712	200	5242234543	498212864	423165952	318317256	17198112
713	200	5188189408	498286592	423428096	322634888	17198112
714	200	5214617963	498548736	423690240	328149120	17198112
715	200	5222085596	498790400	423952384	318271504	17198112
716	200	5415124742	499134464	423952384	269439272	17198112
717	200	5178814451	499134464	423952384	262057304	17198112
718	200	5267034455	499134464	423952384	272812016	17198112
719	200	5316624932	499134464	423952384	284887280	17198112
720	200	5218091207	499134464	423952384	281709768	17198112
721	200	5645924233	499134464	423952384	279636608	17198112
722	200	5324017661	499134464	423952384	295791488	17198112
723	200	5295796233	499134464	423952384	296549768	17198112
724	200	5303119462	499134464	423952384	298546880	17198112
725	200	5306866078	499187712	424214528	301837936	17198112
726	200	5315409482	499449856	424476672	306548680	17198112
727	200	5356661560	499920896	424738816	312581208	17198112
728	200	5330970651	499920896	424738816	319886288	17198112
729	200	5356333712	499920896	424738816	328550248	17198112
730	200	5331668188	499920896	424738816	321745904	17198112
731	200	5349088311	501465088	426311680	333136232	17198112
732	200	5561651217	504758272	428146688	277438760	17198112
733	200	5379062280	504758272	428146688	274877032	17198112
734	200	5933057056	504758272	428146688	273400256	17198112
735	200	5391542518	504758272	428146688	290068784	17198112
736	200	5442868250	504758272	428146688	291445976	17198112
737	200	5375296023	504758272	428146688	294001696	17198112
738	200	5414959564	504758272	428146688	297919696	17198112
739	200	5538880712	504758272	428146688	303197968	17198112
740	200	5388719678	505020416	428408832	309778192	17198112
741	200	5402304136	505253888	428670976	317728488	17198112
742	200	5400561008	505462784	428670976	310449952	17198112
743	200	5451996559	505524224	428933120	321087040	17198112
744	200	5449148719	505819136	429195264	333042000	17198112
745	200	5534120354	506269696	429195264	269649608	17198112
746	200	5426997607	506269696	429195264	284344376	17198112
747	200	5431052346	506269696	429195264	283532464	17198112
748	200	5873305887	506269696	429195264	284045352	17198112
749	200	5490008871	506269696	429195264	285939560	17198112
750	200	5498480102	506269696	429195264	289175584	17198112
751	200	5439867519	506269696	429195264	293748024	17198112
752	200	5528233981	506269696	429195264	299666144	17198112
753	200	5531624341	506331136	429457408	306950712	17198112
754	200	5529028697	506601472	429719552	315451744	17198112
755	200	5561952668	506880000	429981696	325310496	17198112
756	200	5747800466	507822080	429981696	278644200	17198112
757	200	5584794683	507822080	429981696	274510864	17198112
758	200	5544337711	507822080	429981696	288399216	17198112
759	200	5572439696	507822080	429981696	286805544	17198112
760	200	5524874964	507822080	429981696	286541848	17198112
761	200	5941459186	507822080	429981696	304414656	17198112
762	200	5554874698	507822080	429981696	306966936	17198112
763	200	5514352677	507822080	429981696	310762040	17198112
764	200	5601715357	507822080	429981696	315899568	17198112
765	200	5632667560	507822080	429981696	322350800	17206304
766	200	5626551208	507822080	429981696	313541624	17206304
767	200	5571458435	507822080	429981696	322668704	17206304
768	200	5595509822	507822080	429981696	333170728	17206304
769	200	5691070371	509222912	431554560	328255792	17206304
770	200	5646711077	511389696	433651712	341356672	17206304
771	200	5685940246	513564672	435748864	339085112	17206304
772	200	5912760235	515403776	438108160	281073280	17198112
773	200	5647168959	515403776	438108160	281424512	17198112
774	200	5630802051	515403776	438108160	283196904	17198112
775	200	6065636867	515403776	438108160	286301824	17198112
776	200	5688955871	515403776	438108160	290766400	17198112
777	200	5735184585	515403776	438108160	296567384	17198112
778	200	5686861224	515403776	438108160	303655360	17198112
779	200	5689899924	515403776	438108160	312098952	17198112
780	200	5628913203	515403776	438108160	321843664	17198112
781	200	5692795642	515653632	438108160	316440288	17198112
782	200	5778565728	515715072	438370304	328859704	17198112
783	200	5697335076	515969024	438632448	325841928	17198112
784	200	5730835325	516235264	438894592	340883984	17198112
785	200	5774750112	516513792	439156736	340761800	17198112
786	200	5742229563	516759552	439418880	341805944	17198112
787	200	5745321650	517554176	440205312	344171464	17198112
788	200	5984527958	519208960	442302464	286520904	17198112
789	200	6253577384	519208960	442302464	291572400	17198112
790	200	5788553578	519208960	442302464	297894528	17198112
791	200	5764003508	519208960	442302464	288875576	17198112
792	200	5818427265	519208960	442302464	297948424	17198112
793	200	5792799735	519208960	442302464	308347416	17198112
794	200	5780461779	519208960	442302464	303256480	17198112
795	200	5813552219	519208960	442302464	316407648	17198112
796	200	5872657556	519208960	442302464	314049680	17198112
797	200	5892585135	519430144	442564608	329726760	17198112
798	200	5902491922	519692288	442826752	330123232	17198112
799	200	5792453638	519966720	443088896	331693072	17198112
800	200	5784092297	520163328	443088896	334647504	17198112
801	200	5806255337	520687616	443613184	338949568	17198112
802	200	5887051368	520687616	443613184	344609232	17198112
803	200	6344089023	520892416	443875328	351529960	17198112
804	200	5816268854	523067392	446234624	359778056	17198112
805	200	6110375904	528371712	448331776	293940760	17198112
806	200	5928785695	526274560	448331776	288323048	17198112
807	200	5919392494	526274560	448331776	300593536	17198112
808	200	5835140582	526274560	448331776	297446328	17198112
809	200	5992255560	526274560	448331776	312444016	17198112
810	200	5915722614	526274560	448331776	312100584	17198112
811	200	5905343625	526274560	448331776	312941544	17198112
812	200	5975908617	526274560	448331776	315130344	17198112
813	200	5958960721	526274560	448331776	318724632	17198112
814	200	5947503606	526508032	448593920	323589752	17198112
815	200	5964098777	526774272	448856064	329840432	17198112
816	200	6011343815	527032320	449118208	337380488	17198112
817	200	6477668039	527331328	449380352	346251824	17198112
818	200	5921090918	527630336	449642496	339710352	17198112
819	200	5924693889	527826944	449904640	351378008	17198112
820	200	5951304013	528117760	450166784	347472880	17198112
821	200	5976539373	528371712	450691072	361754024	17198112
822	200	6082056113	530526208	452526080	292363144	17198112
823	200	6001835520	530526208	452526080	292493672	17198112
824	200	6039234351	530526208	452526080	293936608	17198112
825	200	6034646032	530526208	452526080	296782488	17198112
826	200	5954304203	530526208	452526080	300971664	17198112
827	200	6092827736	530526208	452526080	306505976	17198112
828	200	6046911530	530526208	452526080	313354776	17198112
829	200	6039668964	530526208	452526080	321480816	17198112
830	200	6037245549	530526208	452526080	330939584	17198112
831	200	6016604995	530784256	452788224	325079736	17198112
832	200	6657182145	530989056	453050368	337309408	17198112
833	200	5978222891	531251200	453312512	334052968	17198112
834	200	6051308893	531460096	453312512	348904320	17198112
835	200	6034783851	531460096	453312512	348406520	17198112
836	200	6079234218	531460096	453312512	349084096	17198112
837	200	6133209799	531460096	453312512	351095184	17198112
838	200	6145319577	531849216	453836800	354561992	17198112
839	200	6849905795	505028608	425787392	290777512	17198112
840	200	6240506497	505028608	425787392	293430736	17198112
841	200	6244690211	505028608	425787392	299499184	17198112
842	200	6352038527	509222912	429981696	304939128	17198112
843	200	6181141485	509222912	429981696	307472392	17198112
844	200	6186888284	509222912	429981696	315416720	17198112
845	200	6663184234	505266176	426049536	292649680	17198112
846	200	6202086344	505266176	426049536	294951392	17198112
847	200	6762777308	513654784	434438144	298148024	17198112
848	200	6166382339	513654784	434438144	306687704	17198112
849	200	6308450591	513654784	434438144	308169848	17198112
850	200	6248386263	513654784	434438144	319443208	17198112
851	200	6308990689	513802240	434438144	323751752	17198112
852	200	6221518184	513802240	434438144	320995008	17198112
853	200	6261038720	513802240	434438144	327880120	17198112
854	200	6278532303	513863680	434700288	336061792	17198112
855	200	6253495377	514064384	434700288	337397920	17198112
856	200	6355642594	514326528	434962432	339881072	17198112
857	200	6259011351	514326528	434962432	343715912	17198112
858	200	6273282170	531374080	452263936	348954928	17198112
859	200	6250475760	533561344	454623232	363671448	17198112
860	200	6295959621	535773184	456720384	362937448	17198112
861	200	6332382006	538005504	458817536	363543784	17198112
862	200	7501120552	508473344	428408832	294661680	17198112
863	200	6771163997	510570496	430505984	299839784	17198112
864	200	6418674839	510570496	430505984	305231272	17198112
865	200	6445098889	514764800	434700288	307792432	17198112
866	200	6357244719	514764800	434700288	315730648	17198112
867	200	6417226324	514764800	434700288	320912912	17198112
868	200	6867090479	510345216	430243840	295833392	17198112
869	200	6395396857	510345216	430243840	299371616	17198112
870	200	6532196972	518733824	438632448	308218600	17198112
871	200	6343363398	518733824	438632448	313953816	17198112
872	200	6390010174	518733824	438632448	321036440	17198112
873	200	6491371454	518733824	438632448	321111880	17198112
874	200	6567471077	522993664	442834944	326647480	17198112
875	200	6459147541	522993664	442834944	337796696	17198112
876	200	6418119482	522993664	442834944	341954648	17198112
877	200	6865319691	522993664	442834944	347465152	17198112
878	200	6731845395	522993664	442834944	345906400	17206304
879	200	6524438809	522993664	442834944	353929504	17206304
880	200	6398943746	522993664	442834944	355008400	17206304
881	200	6464102824	524603392	444669952	365721512	17206304
882	200	6394019201	543551488	463544320	369492600	17206304
883	200	6471789777	545726464	465641472	382625232	17206304
884	200	6779967685	545271808	465633280	304975400	17198112
885	200	6474361577	545271808	465633280	304137512	17198112
886	200	6462890163	545271808	465633280	321342624	17198112
887	200	6494273281	545271808	465633280	323206056	17198112
888	200	6520120345	545271808	465633280	326337208	17198112
889	200	6508791796	545271808	465633280	330814224	17198112
890	200	6549044729	545271808	465633280	336644864	17198112
891	200	6456809558	545271808	465633280	343766088	17198112
892	200	6514160049	545415168	465895424	335474208	17198112
893	200	7030801970	545574912	465895424	345297296	17198112
894	200	6489538241	545656832	466157568	356469520	17198112
895	200	6510148511	545943552	466419712	352274280	17198112
896	200	6583679934	546172928	466681856	366071032	17198112
897	200	6489340628	546439168	466944000	364527384	17198112
898	200	6479445605	546697216	467206144	364224456	17198112
899	200	6547516507	546971648	467468288	382040400	17198112
900	200	6578752147	548605952	469303296	384555064	17198112
901	200	6598489107	550883328	471400448	388401344	17198112
902	200	6625931888	553123840	473759744	393492592	17198112
903	200	6561110566	555368448	475856896	399919880	17198112
904	200	6970839916	558874624	477954048	305228456	17198112
905	200	6610831850	557510656	477954048	314375000	17198112
906	200	6602258009	557510656	477954048	324789264	17198112
907	200	6838774425	557510656	477954048	319790072	17198112
908	200	6662993035	557510656	477954048	332855040	17198112
909	200	6523808012	557510656	477954048	330520480	17198112
910	200	7223512196	557510656	477954048	346305192	17198112
911	200	6740981771	557510656	477954048	346907920	17198112
912	200	6599948623	557510656	477954048	348592120	17198112
913	200	6606614493	557510656	477954048	351697152	17198112
914	200	6657169237	557510656	477954048	356048616	17198112
915	200	6656049459	557576192	477954048	361648376	17198112
916	200	6566151242	557633536	477954048	368686112	17198112
917	200	6649024438	557633536	477954048	377006712	17198112
918	200	6712797744	557633536	477954048	370118256	17198112
919	200	6692574959	557633536	477954048	381092240	17198112
920	200	6862506099	557633536	477954048	376613480	17198112
921	200	6672835501	557633536	477954048	390254736	17198112
922	200	6694673987	558120960	478478336	388448272	17198112
923	200	6713577489	560295936	480837632	404825464	17198112
924	200	6847000740	562737152	482672640	322045832	17198112
925	200	6646491197	562737152	482672640	324294728	17198112
926	200	7322015142	562737152	482672640	327865512	17198112
927	200	6728284189	562737152	482672640	332796496	17198112
928	200	6744897499	562737152	482672640	339036048	17198112
929	200	6807796333	562737152	482672640	346625240	17198112
930	200	6760354187	562737152	482672640	338860696	17198112
931	200	6845007294	562737152	482672640	349270984	17198112
932	200	6800585885	562737152	482672640	360866528	17198112
933	200	6968947897	562737152	482672640	357190400	17198112
934	200	6807334042	562737152	482672640	371495664	17198112
935	200	6807807897	562753536	482672640	370462408	17198112
936	200	6800024540	562847744	482934784	370663112	17198112
937	200	6893405810	563142656	483196928	372163432	17198112
938	200	6958256384	563376128	483459072	375005536	17198112
939	200	6844094305	563601408	483721216	379188360	17198112
940	200	6852565377	563867648	483983360	384813656	17198112
941	200	6857718966	564129792	484245504	391686840	17198112
942	200	7252371480	565002240	484245504	324453616	17198112
943	200	7518160817	565002240	484245504	317243712	17198112
944	200	6924305447	565002240	484245504	328183744	17198112
945	200	6914981086	565002240	484245504	340428376	17198112
946	200	7001911177	565002240	484245504	337420712	17198112
947	200	6944508604	565002240	484245504	335535064	17198112
948	200	6849572742	565002240	484245504	351819720	17198112
949	200	6911085116	565002240	484245504	352633680	17198112
950	200	6868244459	565002240	484245504	354787088	17198112
951	200	7004878515	565002240	484245504	358330944	17198112
952	200	6869424052	565002240	484245504	363102008	17198112
953	200	6895222589	565002240	484245504	369278400	17198112
954	200	6995064331	565002240	484245504	376728088	17198112
955	200	7006588515	565002240	484245504	385510784	17198112
956	200	6872123100	565002240	484245504	379019952	17198112
957	200	7396593082	565002240	484245504	390512088	17198112
958	200	7633576862	565002240	484245504	386538320	17198112
959	200	7703847970	565825536	485294080	400737640	17198112
960	200	8272403436	567996416	487391232	399422960	17198112
961	200	7814343152	569532416	489488384	332871936	17198112
962	200	7753028592	569532416	489488384	334477040	17198112
963	200	7617513669	569532416	489488384	337223096	17198112
964	200	7671037310	569532416	489488384	341270704	17198112
965	200	7658849910	569532416	489488384	346655848	17198112
966	200	7722348769	569536512	489488384	353379104	17198112
967	200	7652125127	569536512	489488384	344679512	17198112
968	200	7725867497	569536512	489488384	354052408	17198112
969	200	7716905285	569536512	489488384	364785848	17198112
970	200	7761153224	569536512	489488384	360086744	17198112
971	200	8184164288	569876480	489750528	373606768	17198112
972	200	7744830446	569954304	490012672	371681256	17198112
973	200	7769397358	570191872	490274816	387876832	17198112
974	200	7944308749	570482688	490536960	388680600	17198112
975	200	7742443469	570744832	490799104	390753256	17198112
976	200	7888046521	571002880	491061248	394146960	17198112
977	200	7774151031	571260928	491323392	398798448	17198112
978	200	8842728110	571498496	491585536	404796320	17198112
979	200	7804085728	572350464	492634112	412091544	17198112
980	200	8134558335	574169088	493682688	324936144	17198112
981	200	7914488612	574169088	493682688	335010768	17198112
982	200	8057960904	574169088	493682688	346367464	17198112
983	200	7903928301	574169088	493682688	342289576	17198112
984	200	7878594824	574169088	493682688	356349576	17198112
985	200	7949615954	574169088	493682688	355033312	17198112
986	200	8036104291	574169088	493682688	354949544	17198112
987	200	8206746568	574169088	493682688	356191720	17198112
988	200	7919141353	574169088	493682688	375538808	17198112
989	200	8345915929	573116416	493158400	339790920	17198112
990	200	8006558634	573116416	493158400	345211688	17198112
991	200	7975272639	573128704	493158400	335245368	17206304
992	200	7964571972	573128704	493158400	343194280	17206304
993	200	8088566615	573128704	493158400	352465656	17206304
994	200	7919573323	573128704	493158400	363063720	17206304
995	200	8729627262	573128704	493158400	358444632	17206304
996	200	7996946467	573128704	493158400	371763640	17206304
997	200	8031277200	573210624	493158400	369846168	17206304
998	200	8083533825	573386752	493420544	369035088	17206304
999	200	8292979786	632995840	552144896	400785768	17198112
1000	200	8144066146	632995840	552144896	402849184	17198112
1001	15	7903075252	632995840	552144896	400614112	17198112
