block	steps	btime	rss	heapTotal	heapUsed	external
1	200	214792466	142983168	74223616	32481184	17208180
2	200	185723504	143331328	74223616	32398784	17198072
3	200	194388523	143441920	74223616	32577496	17198072
4	200	187595603	143622144	74223616	32702144	17198072
5	200	182047255	143708160	74223616	32879808	17198072
6	200	181810660	143851520	74223616	33057864	17198072
7	200	178516159	144244736	74485760	33458720	17198072
8	200	175658707	144441344	74485760	33657064	17198072
9	200	188771694	144527360	74485760	33843616	17198072
10	200	180306486	144592896	74485760	34008480	17198072
11	200	187684185	144932864	74747904	34242584	17198072
12	200	179545934	145006592	74747904	34355912	17198072
13	200	208058243	145162240	74747904	34467632	17198072
14	200	211909029	145575936	75010048	34688624	17198072
15	200	242604045	145657856	75010048	34840728	17198072
16	200	208919956	145899520	75010048	35025280	17198072
17	200	187549041	146280448	75534336	35219208	17198072
18	200	201855041	146395136	75534336	35384960	17198072
19	200	208231350	146481152	75534336	35497808	17198072
20	200	188067233	146583552	75534336	35650720	17198072
21	200	190828069	147341312	76058624	35887072	17198072
22	200	188512153	147415040	76058624	36054272	17198072
23	200	187438503	147865600	76320768	36250968	17198072
24	200	182253732	147951616	76320768	36404472	17198072
25	200	193447549	148316160	76582912	36604064	17198072
26	200	181326571	148627456	76845056	36758480	17198072
27	200	186187984	149106688	77107200	36872488	17198072
28	200	186782100	149794816	77369344	37119360	17198072
29	200	183768454	150441984	77893632	37789480	17198072
30	200	181221473	150519808	77893632	37919080	17198072
31	200	194923979	150585344	77893632	38089544	17198072
32	200	182634649	150929408	78155776	38220552	17198072
33	200	181091708	150990848	78155776	38375192	17198072
34	200	187121988	151052288	78155776	38497504	17198072
35	200	188891381	151535616	78417920	38627704	17198072
36	200	183218977	151875584	78680064	38789536	17198072
37	200	178165574	151949312	78680064	38952336	17198072
38	200	185648853	152027136	78680064	39104528	17198072
39	200	180998784	152109056	78680064	39269512	17198072
40	200	189744507	152174592	78680064	39402056	17198072
41	200	188297014	152748032	79466496	39679552	17198072
42	200	194003174	153346048	79728640	39863216	17198072
43	200	185708924	153694208	80252928	40048016	17198072
44	200	180525790	154021888	80252928	40215392	17198072
45	200	192066605	154357760	80515072	40353984	17198072
46	200	197131610	154423296	80515072	40494624	17198072
47	200	181951063	154492928	80515072	40640600	17198072
48	200	200562357	154820608	80777216	40802128	17198072
49	200	182934932	154894336	80777216	40924592	17198072
50	200	200948160	155492352	81039360	41051704	17198072
51	200	197239323	155553792	81039360	41156600	17198072
52	200	183373678	155820032	81301504	41296192	17198072
53	200	201039455	156200960	81563648	41459168	17198072
54	200	203852659	156258304	81563648	41629304	17198072
55	200	182475066	156602368	81833984	41873424	17198072
56	200	186195834	156667904	81833984	42015024	17198072
57	200	182358143	156741632	81833984	42188384	17198072
58	200	190291169	157069312	82096128	42342312	17198072
59	200	182385414	157138944	82358272	42482952	17198072
60	200	184980658	157712384	82620416	42633408	17198072
61	200	186386730	158203904	82882560	42738240	17198072
62	200	176744305	158269440	82882560	42843200	17198072
63	200	181654429	158339072	82882560	43019536	17198072
64	200	191911678	158662656	83144704	43192704	17198072
65	200	192954220	158724096	83144704	43269680	17198072
66	200	176628070	158900224	83144704	43411280	17198072
67	200	177221878	158973952	83144704	43587064	17198072
68	200	194565172	159039488	83144704	43773448	17198072
69	200	184628351	159363072	83406848	43901568	17198072
70	200	200546041	159420416	83406848	43984568	17198072
71	200	195212638	159481856	83406848	44185240	17206264
72	200	202892832	160862208	84717568	45392560	17198072
73	200	190280076	160915456	84717568	45484960	17198072
74	200	187305357	160980992	84717568	45594184	17198072
75	200	200241451	161300480	84979712	45779920	17198072
76	200	187818385	161386496	85241856	45940792	17198072
77	200	187590922	161693696	85241856	46049624	17198072
78	200	191635083	161964032	85504000	46251592	17198072
79	200	187377094	162086912	85504000	46365592	17198072
80	200	187103784	162398208	85766144	46535960	17198072
81	200	196602269	162721792	86028288	46632496	17198072
82	200	179937963	163725312	86962176	47250432	17198072
83	200	209674613	164048896	87224320	47392032	17198072
84	200	197783834	164110336	87224320	47532672	17198072
85	200	213401516	164429824	87486464	47658688	17198072
86	200	228616858	164753408	87748608	47797464	17198072
87	200	213505644	164843520	87748608	47926672	17198072
88	200	232430252	164970496	87748608	48076240	17198072
89	200	208886759	165031936	87748608	48178864	17198072
90	200	237051458	165081088	87748608	48380944	17198072
91	200	216746985	165179392	87748608	48526104	17198072
92	200	210345358	165523456	88272896	48605496	17198072
93	200	191741903	165834752	88272896	48776368	17198072
94	200	201280685	165892096	88272896	48919104	17198072
95	200	186788414	165957632	88272896	49094392	17198072
96	200	215921313	166309888	88535040	49224696	17198072
97	200	194341555	166375424	88535040	49344792	17198072
98	200	215026378	166440960	88535040	49489560	17198072
99	200	202240595	166494208	88535040	49598368	17198072
100	200	224786690	166821888	88797184	49724992	17198072
101	15	19279158	166887424	88797184	49813992	17198072
