block	steps	btime	rss	heapTotal	heapUsed	external
1	200	211631876	143691776	75325440	55133976	17210684
2	200	180812375	147918848	80306176	46546272	17210716
3	200	174805109	152215552	83451904	54175400	17210716
4	200	179024658	156553216	87121920	61214776	17210716
5	200	180498057	160657408	91316224	68252432	17210716
6	200	167054446	164831232	95772672	75176144	17210716
7	200	193626561	169836544	101281792	65898200	17210716
8	200	180224502	173969408	105213952	72662480	17210716
9	200	174718715	178167808	109146112	79456152	17210716
10	200	183578356	182288384	112816128	86260816	17210716
11	200	180622230	186486784	116748288	93117968	17210716
12	200	185379325	190590976	120680448	99958352	17210716
13	200	171724540	194727936	125661184	90067856	17210716
14	200	164315903	199049216	129593344	96878912	17210716
15	200	175820000	203161600	133001216	103622944	17210716
16	200	181749411	207253504	137195520	110298152	17210716
17	200	177991086	211415040	141127680	117086960	17210716
18	200	179139379	215494656	144797696	123930120	17210716
19	200	181045427	219635712	148992000	130633240	17210716
20	200	195394279	223780864	153448448	120699768	17210716
21	200	231670082	225058816	153653248	40656608	17198104
22	200	196869456	225132544	153653248	47452592	17198104
23	200	191384795	225198080	153653248	54261456	17198104
24	200	172979844	225439744	153653248	61054800	17198104
25	200	173514461	226242560	154181632	68404712	17198104
26	200	166631692	228163584	155766784	76834072	17198104
27	200	167979833	229355520	156823552	68255568	17198104
28	200	169565131	230547456	157880320	76374168	17198104
29	200	186951885	232198144	159461376	84855160	17198104
30	200	164128042	232267776	159461376	91754048	17198104
31	200	218634473	206077952	133206016	47976064	17198104
32	200	164214913	206147584	133206016	54853640	17198104
33	200	153599094	206209024	133206016	61792800	17198104
34	200	178013530	206270464	133206016	52178648	17198104
35	200	165904406	206340096	133206016	59140888	17198104
36	200	165519323	206405632	133206016	65938480	17198104
37	200	169769468	206467072	133206016	72725288	17198104
38	200	181862097	206544896	133206016	79586264	17198104
39	200	185176299	206610432	133206016	86473184	17198104
40	200	177940483	206733312	133206016	76822280	17198104
41	200	178411813	207994880	135041024	84056744	17198104
42	200	166047965	210169856	137138176	90982472	17198104
43	200	164345532	212250624	139235328	97778416	17198104
44	200	172540093	214323200	140546048	104595656	17198104
45	200	168597185	216408064	143167488	111317912	17198104
46	200	172869737	218542080	145788928	101441816	17198104
47	200	176458667	220622848	147623936	108169792	17198104
48	200	165558997	222691328	149721088	114934584	17198104
49	200	163651807	224759808	151293952	121625752	17198104
50	200	171106496	226828288	153391104	128466112	17198104
51	200	165207258	228896768	155226112	135291464	17198104
52	200	177759928	232787968	159944704	125385704	17198104
53	200	180569411	236851200	163614720	132100040	17198104
54	200	168772088	240906240	167546880	138853888	17198104
55	200	154188252	245248000	171749376	145843784	17198104
56	200	169228851	249315328	175681536	152599008	17198104
57	200	162026166	253374464	179351552	159325096	17198104
58	200	173960321	257527808	184332288	149402856	17198104
59	200	152389484	261591040	188002304	156101416	17198104
60	200	193518878	263634944	189050880	46882744	17198104
61	200	162335308	264736768	190103552	54784488	17198104
62	200	172124108	264802304	190103552	61611464	17198104
63	200	160414439	264859648	190103552	68492712	17198104
64	200	163576853	265969664	191156224	76386032	17198104
65	200	171309096	268136448	193261568	68808000	17198104
66	200	153094180	269262848	194314240	76766192	17198104
67	200	164575054	270389248	195366912	84690200	17198104
68	200	163834854	271503360	196419584	92637880	17198104
69	200	167091070	272617472	197472256	100565520	17198104
70	200	161951647	273846272	198524928	108504904	17206296
71	200	184482482	274960384	199577600	99913920	17206296
72	200	169237068	278175744	202731520	109939320	17206296
73	200	196222214	278228992	202731520	116754032	17206296
74	200	156377931	278294528	202731520	123616432	17206296
75	200	168295851	278351872	202731520	130431128	17206296
76	200	178428034	278421504	202731520	137311600	17206296
77	200	175177697	278482944	202731520	127628088	17206296
78	200	181318327	278548480	202731520	134484304	17206296
79	200	167137739	278614016	202731520	141341048	17206296
80	200	189084261	278663168	202731520	148167768	17206296
81	200	160994364	278716416	202731520	155032048	17206296
82	200	170741003	279719936	203665408	162778536	17206296
83	200	179378615	279781376	203665408	153109648	17206296
84	200	160725840	279842816	203665408	159913232	17206296
85	200	178480495	279900160	203665408	166760616	17206296
86	200	155619073	280186880	203665408	173584384	17206296
87	200	180119479	280256512	203665408	180359880	17206296
88	200	188467226	267980800	191557632	57526904	17198104
89	200	169860250	268042240	191557632	64313392	17198104
90	200	165305078	268091392	191557632	71137456	17198104
91	200	178781694	268144640	191557632	61420528	17198104
92	200	178315008	268214272	191557632	68252224	17198104
93	200	158981490	268271616	191557632	75110800	17198104
94	200	173039881	268328960	191557632	81957488	17198104
95	200	159066680	268394496	191557632	88823712	17198104
96	200	186168283	268464128	191557632	95683848	17198104
97	200	162600784	268529664	191557632	85978928	17198104
98	200	184487168	268595200	191557632	92742192	17198104
99	200	169466390	268648448	191557632	99556992	17198104
100	200	195242948	268705792	191557632	106448040	17198104
101	15	12366568	268771328	191557632	109192632	17198104
