block	steps	btime	rss	heapTotal	heapUsed	external
1	200	212640152	139173888	74485760	32568520	17209028
2	200	205479369	139730944	74485760	32688840	17198096
3	200	200840958	139882496	74485760	32972872	17198096
4	200	199272018	140230656	74719232	33329760	17198096
5	200	200911337	140255232	74719232	33566360	17198096
6	200	212969426	140271616	74719232	33839632	17198096
7	200	223914263	141004800	74981376	34360080	17198096
8	200	239347217	140984320	75210752	34841416	17198096
9	200	240814296	141369344	75472896	35092608	17198096
10	200	239190234	141578240	75735040	35282408	17198096
11	200	256682384	142266368	76259328	35575816	17198096
12	200	252042019	142372864	76259328	35815344	17198096
13	200	260207778	142376960	76259328	36053248	17198096
14	200	277130218	143130624	77045760	36335632	17198096
15	200	288519785	143593472	77307904	36581384	17198096
16	200	291556029	144482304	77766656	37316344	17198096
17	200	288519682	144834560	78028800	37573944	17198096
18	200	306934398	144863232	78290944	37832168	17198096
19	200	313000966	144875520	78290944	38072224	17198096
20	200	312810082	144887808	78290944	38316544	17198096
21	200	330593664	145682432	79077376	38708832	17198096
22	200	340807784	145702912	79077376	38906728	17198096
23	200	353871759	145973248	79339520	39165216	17198096
24	200	360125281	146251776	79601664	39446048	17198096
25	200	349582442	146558976	79863808	39705512	17198096
26	200	373919352	146624512	80125952	39953528	17198096
27	200	367934266	146866176	80125952	40195424	17198096
28	200	377981834	148578304	81174528	41025896	17198096
29	200	387020249	148557824	81174528	41265248	17198096
30	200	382392885	148566016	81174528	41522656	17198096
31	200	401724828	148602880	81436672	41752480	17198096
32	200	399501165	150073344	82616320	42927360	17198096
33	200	438257367	150089728	82616320	43143792	17198096
34	200	409519552	150261760	82878464	43392472	17198096
35	200	432479990	150462464	82878464	43615312	17198096
36	200	427172283	150802432	83140608	43870744	17198096
37	200	453206484	150958080	84189184	44095336	17198096
38	200	442365251	151965696	84189184	44340168	17198096
39	200	448181875	152158208	84189184	44599712	17198096
40	200	475155806	152166400	84189184	44824896	17198096
41	200	477685886	152739840	84975616	45227592	17198096
42	200	467977306	153473024	85237760	45537056	17198096
43	200	477082066	153567232	85237760	45783416	17198096
44	200	498649018	153714688	85762048	46013592	17198096
45	200	489158063	154206208	85762048	46244824	17198096
46	200	514406364	154255360	86024192	46480024	17198096
47	200	502735713	154562560	86286336	46718640	17198096
48	200	514303766	154959872	86286336	46973768	17198096
49	200	544405779	155189248	87597056	47190792	17198096
50	200	540236699	156311552	87597056	47443312	17198096
51	200	547283227	156450816	87597056	47675328	17198096
52	200	545997517	156733440	87859200	47905640	17198096
53	200	552299767	156737536	87859200	48130456	17198096
54	200	557826217	156999680	88121344	48395152	17198096
55	200	553133678	157274112	88391680	48732024	17198096
56	200	588494401	157274112	88391680	48967224	17198096
57	200	585293913	157360128	88653824	49202424	17198096
58	200	590284581	157806592	88915968	49449952	17198096
59	200	588891253	157818880	88915968	49685152	17198096
60	200	600937920	158015488	90226688	49928248	17198096
61	200	615161510	159027200	90488832	50159448	17198096
62	200	684129775	159444992	90488832	50391736	17198096
63	200	696255850	160514048	91537408	51978608	17198096
64	200	635779913	160870400	91799552	52221848	17198096
65	200	650027454	160960512	92323840	52321592	17198096
66	200	644185072	161419264	92323840	52556312	17198096
67	200	656319924	162516992	92323840	52791512	17198096
68	200	661786939	161775616	92585984	53040192	17198096
69	200	668226284	161980416	92848128	53261912	17198096
70	200	665386979	162402304	92848128	53505008	17198096
71	200	699321929	162557952	93110272	53733296	17198096
72	200	687463261	166105088	94420992	55033160	17198096
73	200	691139642	164339712	94683136	55253432	17198096
74	200	709980230	164671488	94945280	55486896	17198096
75	200	712515509	165179392	95207424	55733168	17206288
76	200	714981769	165203968	95469568	55957296	17198096
77	200	757800431	165498880	95993856	56192496	17198096
78	200	745520943	166260736	96256000	56454336	17198096
79	200	768556448	166395904	96518144	56662896	17198096
80	200	785414771	166744064	96780288	56925904	17198096
81	200	830944930	167038976	97042432	57147640	17198096
82	200	802210791	168222720	98238464	57827576	17198096
83	200	775798092	168480768	98238464	58062776	17198096
84	200	778652882	168488960	98238464	58297976	17198096
85	200	793099702	168488960	98238464	58548392	17198096
86	200	788066347	168488960	98238464	58781040	17198096
87	200	816115277	168751104	98500608	59003576	17198096
88	200	822389260	168878080	99549184	59244776	17198096
89	200	918960795	169644032	99549184	59476008	17198096
90	200	868857867	169803776	99549184	59736312	17198096
91	200	896206041	169803776	99549184	59945648	17198096
92	200	842053337	170274816	99811328	60182440	17198096
93	200	873665862	170553344	100073472	60417072	17198096
94	200	864462670	171012096	101646336	60652808	17198096
95	200	906722308	171810816	101646336	60888336	17198096
96	200	978923120	172072960	101646336	61143840	17198096
97	200	948877423	172347392	101646336	61359456	17198096
98	200	892445767	172384256	101646336	61596720	17198096
99	200	914811669	172384256	101646336	61830512	17198096
100	200	925229253	172425216	101908480	62082296	17198096
101	15	736730638	172650496	101908480	62081760	17198096
