block	steps	btime	rss	heapTotal	heapUsed	external
1	200	217050663	140845056	74485760	32581016	17207183
2	200	208331473	141348864	74747904	32693944	17198104
3	200	211703169	141361152	74747904	32978336	17198104
4	200	212294949	141647872	74981376	33335224	17198104
5	200	224020878	141705216	74981376	33571960	17198104
6	200	231559075	141770752	74981376	33843072	17198104
7	200	243799649	142237696	75243520	34332744	17198104
8	200	244072568	142467072	75472896	34846904	17198104
9	200	253711630	142770176	75735040	35125832	17198104
10	200	264615385	143081472	76259328	35288088	17198104
11	200	271721581	143855616	76783616	35580288	17198104
12	200	276413282	143855616	76783616	35852888	17198104
13	200	287496880	144125952	77045760	36059480	17198104
14	200	291621729	144519168	77570048	36339944	17198104
15	200	301559557	144736256	77570048	36616544	17198104
16	200	314554016	145321984	78028800	37321616	17198104
17	200	320175500	145371136	78290944	37578104	17198104
18	200	341531943	145948672	78815232	37837440	17198104
19	200	337340464	146051072	78815232	38077496	17198104
20	200	343941968	146051072	78815232	38321816	17198104
21	200	351680399	146587648	79339520	38683312	17198104
22	200	356614244	146911232	79601664	38943248	17198104
23	200	379044009	147181568	79863808	39170016	17198104
24	200	373177078	147550208	80125952	39450848	17198104
25	200	384623496	147906560	80388096	39710312	17198104
26	200	389470382	148103168	80650240	39958096	17198104
27	200	400028833	148406272	80650240	40200224	17198104
28	200	415211490	149360640	81698816	41030696	17198104
29	200	417227947	149647360	81698816	41270048	17198104
30	200	423549629	149917696	81960960	41527456	17198104
31	200	426025242	150024192	81960960	41756152	17198104
32	200	442079708	151621632	83140608	42931832	17198104
33	200	444513126	151707648	83140608	43148264	17198104
34	200	450979208	151818240	83140608	43396944	17198104
35	200	454005617	152068096	83402752	43619784	17198104
36	200	465144168	152682496	83664896	43875216	17198104
37	200	481149922	152690688	83664896	44099808	17198104
38	200	486487403	152793088	84189184	44344640	17198104
39	200	492306549	153272320	84189184	44604184	17198104
40	200	503653039	153726976	84451328	44829368	17198104
41	200	510203442	154357760	85237760	45230744	17198104
42	200	517803884	154832896	85499904	45541008	17198104
43	200	532652321	154836992	85499904	45787368	17198104
44	200	535297804	154992640	86024192	46017544	17198104
45	200	537307734	155381760	86024192	46248776	17198104
46	200	540903262	155557888	86024192	46483976	17198104
47	200	557147161	155627520	86548480	46722592	17198104
48	200	558681016	156250112	86548480	46977720	17198104
49	200	576856503	156340224	86810624	47194744	17198104
50	200	580033046	157118464	87072768	47447264	17198104
51	200	600287402	157118464	87072768	47678056	17198104
52	200	596235565	157569024	87334912	47909168	17198104
53	200	613854728	157646848	87597056	48133984	17198104
54	200	628127059	157921280	88121344	48398680	17198104
55	200	613420915	158691328	88391680	48735552	17198104
56	200	634470169	159010816	88391680	48970752	17198104
57	200	638054645	159207424	88653824	49205952	17198104
58	200	648212106	159711232	88915968	49453480	17198104
59	200	647128698	159756288	89178112	49688680	17198104
60	200	660572439	160202752	89178112	49931776	17198104
61	200	698187020	160477184	91013120	50161848	17198104
62	200	673293115	161550336	91013120	50394936	17198104
63	200	712199165	163074048	91275264	51981552	17198104
64	200	689937458	162988032	92061696	52224760	17198104
65	200	698698148	163553280	92061696	52324504	17198104
66	200	705557420	163614720	92061696	52559224	17198104
67	200	710196181	163692544	92323840	52793464	17198104
68	200	720118845	163942400	92585984	53043104	17198104
69	200	728307746	164237312	92848128	53264824	17198104
70	200	731258703	164495360	92848128	53507920	17198104
71	200	742293282	164589568	93110272	53735368	17198104
72	200	750212277	166117376	94420992	55036288	17198104
73	200	763655568	166223872	94683136	55255056	17198104
74	200	768237675	166481920	94945280	55489480	17198104
75	200	760195188	166793216	95207424	55735752	17206296
76	200	783291506	167088128	95207424	55959880	17198104
77	200	791428875	167264256	95993856	56195016	17198104
78	200	797822689	168153088	96256000	56456920	17198104
79	200	807615410	168546304	96518144	56665480	17198104
80	200	824883680	168546304	96518144	56928488	17198104
81	200	827653243	168673280	97042432	57149096	17198104
82	200	842203299	170024960	97976320	57829832	17198104
83	200	829704122	170033152	97976320	58065032	17198104
84	200	851414561	170164224	97976320	58300232	17198104
85	200	869967301	170164224	97976320	58550648	17198104
86	200	854933525	170405888	99287040	58783296	17198104
87	200	878799212	171229184	99287040	59005832	17198104
88	200	870233725	171454464	99287040	59245000	17198104
89	200	891170696	171479040	99287040	59476232	17198104
90	200	898179053	171638784	99287040	59736536	17198104
91	200	911372352	171745280	99549184	59946632	17198104
92	200	898779804	171999232	99549184	60182856	17198104
93	200	931930326	172306432	101122048	60417032	17198104
94	200	924770177	173465600	101122048	60652232	17198104
95	200	944069193	173641728	101122048	60887432	17198104
96	200	959434214	173641728	101122048	61142544	17198104
97	200	954153107	173645824	101122048	61357832	17198104
98	200	947901887	173666304	101384192	61594768	17198104
99	200	980436471	173928448	101384192	61828232	17198104
100	200	953466258	174194688	101646336	62083576	17198104
101	200	997328333	174456832	101908480	62301816	17198104
102	200	988582640	174829568	103481344	62551520	17198104
103	200	1026073544	175640576	103481344	62773016	17198104
104	200	990438710	175906816	103481344	63019400	17198104
105	200	1019096029	176152576	103481344	63245016	17198104
106	200	1001482719	176427008	103481344	63481016	17198104
107	200	1044946170	176427008	103481344	63729680	17198104
108	200	1016323568	176427008	103481344	63982520	17198104
109	200	1067536686	176640000	104792064	64189120	17198104
110	200	1035335416	177856512	105316352	64696896	17198104
111	200	1070745575	178262016	105316352	64923264	17198104
112	200	1047253223	178262016	105316352	65180200	17198104
113	200	1058423611	178266112	105316352	65415576	17198104
114	200	1098475312	178405376	105578496	65631272	17198104
115	200	1074912546	178630656	105578496	65867272	17198104
116	200	1108645265	178765824	106627072	66103272	17198104
117	200	1083614883	179679232	106627072	66355528	17198104
118	200	1131186589	179679232	106627072	66575272	17198104
119	200	1097408078	179773440	106627072	66825656	17198104
120	200	1133986467	179798016	106889216	67056976	17198104
121	200	1171048626	180035584	106889216	67285080	17198104
122	200	1124590065	180236288	107937792	67523840	17198104
123	200	1198889702	181084160	107937792	67757080	17198104
124	200	1137747654	181084160	107937792	67993080	17198104
125	200	1188197236	184250368	111083520	70690136	17198104
126	200	1200300076	184279040	111607808	70885632	17198104
127	200	1165647594	184528896	111607808	70507688	17198104
128	200	1225464860	184528896	111345664	70753872	17198104
129	200	1176310015	184528896	111345664	70982632	17198104
130	200	1188233025	185053184	111869952	71224248	17198104
131	200	1208289801	185053184	111869952	71441968	17198104
132	200	1199191822	185057280	111869952	71681936	17198104
133	200	1216998071	185114624	112132096	71914992	17198104
134	200	1213466037	185319424	112132096	72149968	17198104
135	200	1237286769	185581568	112394240	72399896	17198104
136	200	1232079457	185688064	112918528	72635448	17198104
137	200	1269799911	186105856	112918528	72857968	17198104
138	200	1260127708	186146816	113180672	73093968	17198104
139	200	1271489083	186368000	113180672	73329968	17198104
140	200	1254614919	186494976	113704960	73573864	17198104
141	200	1281008500	186904576	113704960	73801968	17198104
142	200	1281977751	186945536	113967104	74037968	17198104
143	200	1294847305	187191296	114491392	74274992	17198104
144	200	1287224534	186793984	114753536	74547088	17198104
145	200	1308212390	187006976	114753536	74745968	17198104
146	200	1304449506	187351040	116064256	74981968	17198104
147	200	1355588579	188059648	116064256	75219704	17198104
148	200	1328827412	189145088	116064256	75453968	17198104
149	200	1324737176	189206528	116064256	75689968	17198104
150	200	1346617660	188411904	116064256	75957600	17198104
151	200	1342309098	189153280	116064256	76161968	17198104
152	200	1358388345	189366272	117374976	76397968	17198104
153	200	1367437997	190492672	117374976	76648472	17198104
154	200	1370814622	189952000	117374976	76869968	17198104
155	200	1368220575	189952000	117374976	77105968	17198104
156	200	1389222058	190357504	117637120	77368608	17198104
157	200	1393200554	190619648	117899264	77577968	17198104
158	200	1405360568	190242816	117899264	77813968	17198104
159	200	1396755789	190930944	118423552	78051704	17198104
160	200	1457788010	191758336	119734272	79750824	17198104
161	200	1401462322	192339968	120520704	79904432	17198104
162	200	1465068533	193142784	120520704	79322448	17198104
163	200	1427929015	192806912	120520704	79513456	17198104
164	200	1438578386	193937408	121438208	80665936	17198104
165	200	1491906876	193720320	121438208	80901936	17198104
166	200	1461016260	194359296	121700352	81137936	17198104
167	200	1453195605	194396160	121962496	81373936	17198104
168	200	1531580519	195162112	122224640	81609936	17198104
169	200	1453844978	195084288	122224640	81845936	17198104
170	200	1476063656	195395584	122748928	82103312	17198104
171	200	1485325982	195743744	122748928	82319720	17198104
172	200	1557008723	195395584	123011072	82566648	17198104
173	200	1486143536	195821568	123273216	82791008	17198104
174	200	1499391410	196214784	123273216	83025984	17198104
175	200	1583189816	196599808	123535360	83273056	17198104
176	200	1523232943	196493312	123797504	83521864	17198104
177	200	1513075940	196907008	124321792	83733984	17198104
178	200	1599234236	197410816	124321792	83969984	17198104
179	200	1556633962	197644288	125632512	84205984	17198104
180	200	1548595224	198307840	125632512	84467088	17198104
181	200	1552547994	199180288	125632512	84677984	17198104
182	200	1636171494	198664192	125632512	84924368	17198104
183	200	1569138345	198635520	125894656	85172456	17198104
184	200	1589948072	199372800	125894656	85388744	17198104
185	200	1687555592	198656000	125894656	85621984	17198104
186	200	1649303048	199180288	127467520	85857984	17198104
187	200	1615787094	200454144	127467520	86107464	17198104
188	200	1629972239	200605696	127467520	86329984	17198104
189	200	1699074573	200781824	127467520	86578176	17198104
190	200	1627962910	200228864	127467520	86809880	17198104
191	200	1671329920	200212480	127467520	87037984	17198104
192	200	1747084214	201089024	127467520	87293896	17198104
193	200	1675622941	201310208	129040384	87522648	17198104
194	200	1703307024	202485760	129302528	87747008	17198104
195	200	1676144271	203280384	129302528	87998240	17198104
196	200	1778467201	203673600	129302528	88219720	17198104
197	200	1682818821	203304960	129302528	88453984	17198104
198	200	1691520783	203640832	129302528	88707192	17198104
199	200	1711187325	203005952	129564672	88926144	17198104
200	200	1797807085	203264000	129564672	89181912	17198104
201	200	1706615207	203472896	130875392	89401016	17198104
202	200	1734600439	205164544	130875392	89637016	17198104
203	200	1922739230	204738560	130875392	89873816	17206296
204	200	1744025490	204558336	130875392	90125120	17198104
205	200	1746349566	205463552	131137536	90347416	17198104
206	200	1773209365	205021184	131137536	90584216	17198104
207	200	1877531769	205291520	131399680	90821016	17198104
208	200	1789845392	206229504	131661824	91089848	17198104
209	200	1788941090	206241792	131661824	91294616	17198104
210	200	1806385471	206352384	132448256	91539312	17198104
211	200	1905830283	206643200	132448256	91768216	17198104
212	200	1807991405	206815232	132448256	92005016	17198104
213	200	1837403590	206417920	134021120	92241816	17198104
214	200	1858745642	208035840	134021120	92479640	17198104
215	200	1937245060	208314368	134021120	92728080	17198104
216	200	1844218100	208535552	134021120	92981616	17198104
217	200	1864190542	208277504	134545408	93713304	17198104
218	200	1922744218	208506880	134545408	93950104	17198104
219	200	1973884316	209776640	135331840	94711192	17198104
220	200	1908928033	209833984	135593984	94959856	17198104
221	200	1899384333	210071552	135593984	95200024	17198104
222	200	1901383363	210169856	136904704	95421608	17198104
223	200	2043131891	210911232	136904704	95658408	17198104
224	200	1956735305	210644992	136904704	95915120	17198104
225	200	1952381493	211169280	137166848	96164408	17198104
226	200	1940097105	211132416	137428992	96368808	17198104
227	200	1962013971	211644416	137428992	96605608	17198104
228	200	2078143643	211550208	137428992	96842408	17198104
229	200	1980706101	211800064	138739712	97079208	17198104
230	200	1981573254	212205568	138739712	97324800	17198104
231	200	1986222690	213073920	138739712	97553704	17198104
232	200	2088183657	212508672	138739712	97790504	17198104
233	200	2025635823	212512768	138739712	98029040	17198104
234	200	1996621274	212938752	139001856	98307952	17198104
235	200	2008430925	213180416	139264000	98501928	17198104
236	200	2112583335	213213184	139264000	98737704	17198104
237	200	2017695396	214126592	140312576	98987168	17198104
238	200	2049392660	215142400	140312576	99224784	17198104
239	200	2037217299	214769664	140312576	99448104	17198104
240	200	2036923145	214605824	140312576	99712712	17198104
241	200	2148732477	214630400	140574720	99921704	17198104
242	200	2044032268	214687744	140574720	100158504	17198104
243	200	2088866657	215732224	142147584	100407496	17198104
244	200	2066847900	216788992	142147584	100632104	17198104
245	200	2215711493	216625152	142147584	100871664	17198104
246	200	2082570651	216293376	142147584	101105704	17198104
247	200	2149766895	216608768	142147584	101342504	17198104
248	200	2116720203	217223168	142409728	101579304	17198104
249	200	2136496787	216653824	142409728	101816104	17198104
250	200	2325092796	224239616	150011904	109413200	17198104
251	200	2134499162	224645120	150274048	109628824	17198104
252	200	2134857510	224235520	150536192	109882832	17198104
253	200	2129128845	225128448	150798336	110102424	17198104
254	200	2141544663	224727040	151060480	110340136	17198104
255	200	2338404896	224935936	151322624	110591440	17198104
256	200	2187028168	225361920	151322624	110833648	17198104
257	200	2169818565	225308672	152371200	111052272	17198104
258	200	2179380223	226627584	152371200	111300000	17198104
259	200	2213376758	226693120	152633344	111524136	17198104
260	200	2199069450	227012608	152895488	111779216	17198104
261	200	2218288917	227565568	152895488	111997736	17198104
262	200	2219341578	227282944	153157632	112234536	17198104
263	200	2215816531	227864576	153157632	112473528	17198104
264	200	2253486321	227557376	154730496	112714296	17198104
265	200	2255136534	229011456	154730496	112947128	17198104
266	200	2241382509	228360192	154730496	113184952	17198104
267	200	2253046530	228642816	154730496	113420728	17198104
268	200	2269113586	228909056	154730496	113657528	17198104
269	200	2272452350	228802560	154992640	113894328	17198104
270	200	2278784164	228900864	154992640	114170160	17198104
271	200	2290928166	229490688	155254784	114367928	17198104
272	200	2355498062	229564416	155254784	114638120	17198104
273	200	2329166157	230289408	156565504	114857784	17198104
274	200	2323497700	231022592	156565504	115078328	17198104
275	200	2318745478	231219200	156565504	115326200	17198104
276	200	2310561142	231485440	156827648	115552952	17198104
277	200	2358101511	231682048	156827648	115789736	17198104
278	200	2344986575	231837696	156827648	116026536	17198104
279	200	2363660526	231321600	157089792	116263336	17198104
280	200	2364508960	231665664	158662656	116520696	17198104
281	200	2412953826	232435712	158662656	116736936	17198104
282	200	2388854099	233164800	158662656	116975472	17198104
283	200	2372868491	233369600	158662656	117210536	17198104
284	200	2425061621	233414656	158662656	117447336	17198104
285	200	2407230386	233431040	158662656	117684136	17198104
286	200	2421855376	233705472	158924800	117932344	17198104
287	200	2409651822	233713664	158924800	118157736	17198104
288	200	2439531555	234106880	159186944	118431656	17198104
289	200	2456272318	233828352	160235520	118644816	17198104
290	200	2478500572	234225664	160235520	118876032	17198104
291	200	2455844912	234352640	160235520	119104936	17198104
292	200	2443310772	234639360	160497664	119341736	17198104
293	200	2460026682	234725376	160759808	119601008	17198104
294	200	2485398412	235675648	160759808	119817072	17198104
295	200	2468378431	235139072	161546240	120052136	17198104
296	200	2508384450	235716608	161546240	120289960	17198104
297	200	2503282732	236412928	161808384	120537928	17198104
298	200	2508232812	236208128	161808384	120762536	17198104
299	200	2479485312	236408832	162070528	120999336	17198104
300	200	2488193694	236675072	162070528	121255104	17198104
301	200	2515519118	237465600	163381248	121486728	17198104
302	200	2500604806	237813760	163381248	121710064	17198104
303	200	2503994402	237961216	163381248	121946864	17198104
304	200	2540768554	238219264	163381248	122203576	17198104
305	200	2540703838	238034944	163381248	122420464	17198104
306	200	2568779127	237752320	163643392	122690712	17198104
307	200	2607717717	238559232	163905536	122894064	17198104
308	200	2565112922	238182400	164167680	123134832	17198104
309	200	2550123032	239554560	164429824	123367664	17198104
310	200	2569681826	239538176	165478400	123612360	17198104
311	200	2580678151	240214016	165478400	123841264	17198104
312	200	2604843276	240414720	165478400	124104704	17198104
313	200	2570512130	240529408	165478400	124314864	17198104
314	200	2592683101	240869376	165478400	124551664	17198104
315	200	2612213070	241393664	167051264	124788464	17198104
316	200	2619220893	242081792	167051264	125025264	17198104
317	200	2616274432	242581504	167051264	125263088	17198104
318	200	2681389823	242225152	167051264	125498864	17198104
319	200	2662569597	242307072	167051264	125737400	17198104
320	200	2635143238	243105792	167313408	126000272	17198104
321	200	2633916939	243068928	167313408	126209264	17206296
322	200	2668685939	243126272	167313408	126446064	17198104
323	200	2670541830	242790400	168361984	126709928	17198104
324	200	2682668306	244224000	168361984	126950072	17198104
325	200	2736567351	243523584	168624128	127168552	17198104
326	200	2685966704	243695616	168624128	127394280	17198104
327	200	2704039786	243789824	168886272	127632104	17198104
328	200	2706254807	246513664	170721280	129702888	17198104
329	200	2719452618	245800960	172032000	129939688	17198104
330	200	2738615559	247046144	172032000	130184384	17198104
331	200	2736461484	247545856	172032000	130415024	17198104
332	200	2797560289	247058432	172032000	130650088	17198104
333	200	2764703441	247779328	172032000	130886888	17198104
334	200	2802651396	251473920	176488448	135317992	17198104
335	200	2773260866	251420672	176488448	135554792	17198104
336	200	2788046508	252624896	177012736	135811536	17198104
337	200	2816358828	252526592	177012736	136029448	17198104
338	200	2810686324	252891136	177274880	136295912	17198104
339	200	2895074680	253353984	177537024	136502024	17198104
340	200	2963209276	252854272	178323456	136760200	17198104
341	200	2820003736	253861888	178585600	136975624	17198104
342	200	2847299196	253992960	178585600	137229632	17198104
343	200	2826378299	254619648	178585600	137450960	17198104
344	200	2852244498	254763008	180158464	137698688	17198104
345	200	2878363077	256028672	180158464	137922824	17198104
346	200	2999911743	256606208	180158464	138159624	17198104
347	200	2882588234	255954944	180158464	138397448	17198104
348	200	2888041473	255971328	180158464	138633224	17198104
349	200	2917878819	256073728	180158464	138870024	17198104
350	200	2924704885	256716800	180420608	139125792	17198104
351	200	2920322430	256770048	180420608	139372072	17198104
352	200	2964498826	257380352	180682752	139604304	17198104
353	200	3092117772	256630784	181731328	139817224	17198104
354	200	2938034302	258310144	181731328	140054024	17198104
355	200	2936660147	257646592	181731328	140290824	17198104
356	200	2959771241	257503232	181731328	140529360	17198104
357	200	2955570134	258412544	182255616	140777904	17198104
358	200	2968236198	259026944	182255616	141002248	17198104
359	200	3229980814	258392064	183566336	141238024	17198104
360	200	2962555296	259891200	183566336	141499928	17198104
361	200	2979484590	259825664	183566336	141711624	17198104
362	200	2973966800	260374528	183566336	141948424	17198104
363	200	2998193296	260374528	183566336	142185224	17198104
364	200	3002154254	259764224	183828480	142432408	17198104
365	200	3034194028	260624384	183828480	142658824	17198104
366	200	3188909373	260669440	184877056	142908288	17198104
367	200	3029796358	261603328	184877056	143132424	17198104
368	200	3068782656	261451776	184877056	143391896	17198104
369	200	3055173156	261505024	184877056	143606024	17198104
370	200	3058064397	261480448	185139200	143850720	17198104
371	200	3056848707	261058560	185401344	144079624	17198104
372	200	3092199784	262365184	185663488	144316424	17198104
373	200	3249395225	261738496	185663488	144553224	17198104
374	200	3066293137	262610944	186712064	144803504	17198104
375	200	3085773217	263122944	186712064	145037896	17198104
376	200	3092584049	262602752	186712064	145263624	17198104
377	200	3144467042	262672384	186974208	145500424	17198104
378	200	3128616413	263077888	187236352	145767648	17198104
379	200	3158515926	263680000	187236352	145974024	17198104
380	200	3320267269	264146944	188809216	146220456	17198104
381	200	3129091460	264208384	188809216	146447624	17198104
382	200	3126013564	264839168	188809216	146684424	17198104
383	200	3164937413	265322496	188809216	146921224	17198104
384	200	3168583548	264859648	188809216	147177936	17198104
385	200	3186689370	265568256	188809216	147394824	17198104
386	200	3176838165	265187328	188809216	147631624	17198104
387	200	3381959599	265797632	190119936	147881088	17198104
388	200	3193713872	266436608	190119936	148106248	17198104
389	200	3203107945	266682368	190119936	148342024	17198104
390	200	3228977193	266698752	190644224	148613360	17198104
391	200	3226366860	266428416	190644224	148829104	17198104
392	200	3259067380	267030528	190644224	149054160	17198104
393	200	3257401003	266436608	190644224	149289224	17198104
394	200	3457145136	267350016	191954944	149528384	17198104
395	200	3277761395	268636160	191954944	149765184	17198104
396	200	3308844253	268177408	191954944	150023160	17198104
397	200	3312322395	267972608	191954944	150238784	17198104
398	200	3310840460	267771904	191954944	150475584	17198104
399	200	3336614051	268754944	192217088	150713408	17198104
400	200	3336001328	268509184	192479232	150988080	17198104
401	200	3511798870	268390400	192479232	151187320	17198104
402	200	3344453854	268767232	193789952	151423320	17198104
403	200	3334876639	269778944	193789952	151682592	17198104
404	200	3358035929	269684736	193789952	151896920	17198104
405	200	3323864683	269606912	193789952	152147648	17198104
406	200	3338120566	270557184	193789952	152370520	17198104
407	200	3376966260	269832192	194052096	152607320	17198104
408	200	3384783692	270798848	195624960	152857600	17198104
409	200	3586151686	271683584	195624960	153094608	17198104
410	200	3361186846	271675392	195624960	153325616	17198104
411	200	3356569949	271523840	195624960	153554520	17198104
412	200	3379079467	271777792	195624960	153791320	17198104
413	200	3399960712	271892480	195624960	154028120	17198104
414	200	3417112329	271740928	195887104	154282128	17198104
415	200	3431153936	271953920	195887104	154501720	17198104
416	200	3581739164	272990208	196411392	154768816	17198104
417	200	3437429091	273272832	196411392	154977056	17198104
418	200	3445112527	272781312	197197824	155212120	17198104
419	200	3469859537	273838080	197197824	155449944	17198104
420	200	3556122292	273985536	197197824	155693616	17198104
421	200	3477009355	273678336	197459968	155922520	17198104
422	200	3460424583	274247680	197459968	156159320	17198104
423	200	3497027173	273813504	199294976	156396120	17198104
424	200	3684121722	274644992	199294976	156632920	17198104
425	200	3521030302	275554304	199294976	156894272	17198104
426	200	3524278616	276086784	199294976	157106520	17198104
427	200	3495166983	275382272	199294976	157343320	17198104
428	200	3608526908	275640320	199294976	157580120	17198104
429	200	3548095325	275787776	199557120	157835936	17198104
430	200	3531471471	276017152	199557120	158061616	17198104
431	200	3590035500	276684800	199819264	158303184	17198104
432	200	3766832678	276602880	200081408	158576632	17198104
433	200	3585436998	276054016	200867840	158764120	17198104
434	200	3579606294	276824064	200867840	159000920	17206296
435	200	3629702898	277483520	200867840	159237720	17198104
436	200	3627456203	277762048	200867840	159474520	17198104
437	200	3663635406	278695936	203227136	160759896	17198104
438	200	3617319122	279326720	203227136	160996696	17198104
439	200	3631005317	280006656	203489280	161234520	17198104
440	200	3840087154	279556096	203489280	161482160	17198104
441	200	3680730056	279506944	203489280	161707096	17198104
442	200	3698815313	280322048	203751424	161969496	17198104
443	200	3664352320	280616960	204013568	162180696	17198104
444	200	3765203255	280027136	204013568	162417496	17198104
445	200	3647429687	280842240	205324288	162654296	17198104
446	200	3701448417	281620480	205324288	162891096	17198104
447	200	3721072773	281374720	205324288	163127896	17198104
448	200	3917897959	281870336	205324288	163384608	17198104
449	200	3687514251	281575424	205324288	163601496	17198104
450	200	3691405140	281591808	205586432	163895800	17198104
451	200	3734750709	281714688	205586432	164075096	17198104
452	200	3844858866	281919488	206897152	164324560	17198104
453	200	3743495120	283107328	206897152	164548696	17198104
454	200	3704179570	283701248	206897152	164787232	17198104
455	200	3752979032	283209728	206897152	165022296	17198104
456	200	3978584161	283648000	207159296	165259096	17198104
457	200	3755470207	283422720	207159296	165495896	17198104
458	200	3780583747	283287552	208470016	165732696	17198104
459	200	3825690788	284778496	208470016	165995168	17198104
460	200	3787419204	285360128	208470016	166215216	17198104
461	200	3787069108	284819456	208470016	166443096	17198104
462	200	3789821635	284844032	208470016	166679896	17198104
463	200	3798026178	285081600	208732160	166916696	17198104
464	200	3837017220	285020160	208994304	167173408	17198104
465	200	4098233576	285061120	208994304	167390296	17198104
466	200	3828472177	286015488	210305024	167628832	17198104
467	200	3790663337	286441472	210305024	167863896	17198104
468	200	3842362685	286478336	210305024	168144544	17198104
469	200	3890370588	287227904	210305024	168337496	17198104
470	200	3867981598	286515200	210305024	168583216	17198104
471	200	3868526249	286801920	210305024	168811096	17198104
472	200	3876067727	287305728	210829312	169047896	17198104
473	200	4120418314	287137792	211877888	169284696	17198104
474	200	3846856864	288436224	211877888	169534160	17198104
475	200	3896548683	287879168	211877888	169769368	17198104
476	200	3915886782	288157696	211877888	170008576	17198104
477	200	3937566797	288288768	212140032	170231896	17198104
478	200	3886511591	288145408	212140032	170470432	17198104
479	200	3942316029	288444416	213450752	170705496	17198104
480	200	3952240118	290258944	213450752	170971128	17198104
481	200	3967015043	289624064	213450752	171179096	17198104
482	200	4206659309	289443840	213450752	171415896	17198104
483	200	3933323954	289841152	213450752	171652696	17198104
484	200	3973854577	289812480	213712896	171893464	17198104
485	200	3947665875	290619392	213975040	172126296	17198104
486	200	3963777490	290545664	214237184	172392496	17198104
487	200	3954134575	290267136	214237184	172599896	17198104
488	200	3981232301	291008512	216072192	172836696	17198104
489	200	4016626728	292077568	216072192	173073496	17198104
490	200	3990383498	292388864	216072192	173318192	17198104
491	200	4277984041	292143104	216072192	173549856	17198104
492	200	3996689352	292278272	216072192	173783896	17198104
493	200	3983037468	293023744	216072192	174034176	17198104
494	200	4049922587	292765696	216334336	174267880	17198104
495	200	4059454844	292581376	216334336	174507472	17198104
496	200	4055300135	293412864	217382912	174751520	17198104
497	200	4031019995	293531648	217382912	174968408	17198104
498	200	4053807754	294326272	217382912	175205208	17198104
499	200	4049730208	294162432	217382912	175442008	17198104
500	200	4468484374	308559872	232062976	190382048	17198104
501	200	4065339674	308678656	232325120	190600656	17198104
502	200	4058601355	308822016	232587264	190837320	17198104
503	200	4116668114	309575680	232849408	191075880	17198104
504	200	4082361483	309829632	233111552	191327240	17198104
505	200	4112936619	309768192	233635840	191547744	17198104
506	200	4122639638	310583296	233897984	191784544	17198104
507	200	4135688956	309870592	233897984	192037600	17198104
508	200	4163177266	310652928	234422272	192257616	17198104
509	200	4513308508	310759424	234422272	192494944	17198104
510	200	4122691876	311279616	234946560	192752208	17198104
511	200	4151467373	311349248	235208704	192969568	17198104
512	200	4168797009	311152640	235208704	193225256	17198104
513	200	4174049585	312291328	235470848	193476808	17198104
514	200	4198401313	311787520	235732992	193678944	17198104
515	200	4203207862	312078336	235732992	193917480	17198104
516	200	4181700344	312307712	237305856	194152544	17198104
517	200	4205334091	313008128	237305856	194402008	17198104
518	200	4547260894	313516032	237305856	194626144	17198104
519	200	4229837935	313290752	237305856	194862944	17198104
520	200	4227430850	313540608	237305856	195118024	17198104
521	200	4235602383	313384960	237568000	195337568	17198104
522	200	4263371863	313884672	237830144	195590552	17198104
523	200	4206866072	314212352	237830144	195810144	17198104
524	200	4241458509	314908672	239403008	196046944	17198104
525	200	4312814833	315654144	239403008	196294816	17198104
526	200	4279993361	315514880	239403008	196520544	17198104
527	200	4284168228	316293120	239403008	196772560	17198104
528	200	4302752195	316231680	239403008	197018024	17198104
529	200	4307247716	316116992	239403008	197230944	17198104
530	200	4290753399	316039168	239403008	197475640	17198104
531	200	4332642010	316215296	240451584	197704544	17198104
532	200	4322165269	316563456	240451584	197942368	17198104
533	200	4339892596	316887040	240451584	198178144	17198104
534	200	4304068827	316735488	240451584	198414944	17198104
535	200	4340500517	316973056	241500160	198651744	17198104
536	200	4492035012	318205952	241500160	198888544	17198104
537	200	4349704078	318439424	241762304	199125344	17198104
538	200	4363956675	317923328	241762304	199374808	17198104
539	200	4371652482	318619648	241762304	199598944	17198104
540	200	4412926710	318484480	242548736	199874776	17198104
541	200	4398644507	319401984	242548736	200072544	17198104
542	200	4390445983	318869504	242548736	200310368	17198104
543	200	4400694337	319139840	242810880	200546144	17198104
544	200	4476154596	319426560	242810880	200816336	17198104
545	200	4510876463	319934464	244121600	201019744	17198104
546	200	4433674076	321740800	244121600	201283184	17198104
547	200	4444926361	321163264	244121600	201493344	17206296
548	200	4470673102	321368064	244121600	201730144	17198104
549	200	4516537843	322064384	244121600	201966944	17198104
550	200	4479336289	321761280	244383744	202222712	17198104
551	200	4478943870	322318336	244383744	202440544	17198104
552	200	4485627369	321929216	245956608	202680104	17198104
553	200	4542401495	323518464	245956608	202914144	17198104
554	200	4529340427	323141632	246218752	203150944	17198104
555	200	4490263598	323485696	246218752	203387744	17198104
556	200	4514929085	324206592	246218752	203624544	17198104
557	200	4544991355	323522560	246218752	203861344	17198104
558	200	4592738922	324100096	246480896	204115352	17198104
559	200	4585757762	324423680	246480896	204334944	17198104
560	200	4543104001	324608000	246743040	204612216	17198104
561	200	4581424110	324755456	248315904	204822024	17198104
562	200	4620112604	325148672	248315904	205046368	17198104
563	200	4612463581	325607424	248315904	205302448	17198104
564	200	4552811325	325885952	248315904	205520680	17198104
565	200	4580481016	325636096	248315904	205755744	17198104
566	200	4615078177	325640192	248315904	205992544	17198104
567	200	4619428406	326332416	248315904	206241536	17198104
568	200	4633408600	326057984	248578048	206466144	17198104
569	200	4618394793	326303744	249102336	206702672	17198104
570	200	4671777531	326950912	249364480	206947640	17198104
571	200	4639042833	327053312	249888768	207176544	17198104
572	200	4691139536	328040448	250150912	207427696	17198104
573	200	4618251316	328122368	250150912	207651168	17198104
574	200	4725925298	328212480	250150912	207886944	17198104
575	200	4680208559	327729152	250413056	208134816	17198104
576	200	4699171183	327700480	250937344	208397200	17198104
577	200	4644182465	328802304	250937344	208599080	17198104
578	200	4689406440	328806400	251461632	208847624	17198104
579	200	4731975421	330067968	251461632	209070944	17198104
580	200	4680007088	329732096	251461632	209315640	17198104
581	200	4712860461	330555392	252772352	209557208	17198104
582	200	4737098902	330874880	252772352	209781344	17198104
583	200	4759221375	331284480	252772352	210019168	17198104
584	200	4747307252	331063296	252772352	210254944	17198104
585	200	4732300133	331079680	252772352	210508000	17198104
586	200	4646069938	331403264	253034496	210728544	17198104
587	200	4798670216	332238848	253558784	210965344	17198104
588	200	4786658608	332378112	253558784	211202144	17198104
589	200	4794890288	332824576	255131648	211440680	17198104
590	200	4769360538	333512704	255131648	211683640	17198104
591	200	4822557576	333410304	255131648	211912544	17198104
592	200	4952531630	333402112	255131648	212169256	17198104
593	200	4797639984	333475840	255131648	212387168	17198104
594	200	4827567011	333844480	255131648	212652344	17198104
595	200	4823294726	333701120	255131648	212873224	17198104
596	200	4816629930	333959168	256442368	213096544	17198104
597	200	4841705812	335503360	256442368	213333344	17198104
598	200	4852248994	334974976	256442368	213580528	17198104
599	200	4859395031	335249408	256442368	213806944	17198104
600	200	4839093733	335245312	256442368	214062712	17198104
601	200	4843993910	335630336	256704512	214283408	17198104
602	200	4918123301	335302656	256704512	214517672	17198104
603	200	4922456853	335773696	257228800	214768160	17198104
604	200	4881438001	336154624	258277376	214991272	17198104
605	200	4889044673	336691200	258277376	215228072	17198104
606	200	4948028267	337149952	258277376	215464872	17198104
607	200	4914826647	336973824	258277376	215701672	17198104
608	200	4925065795	337489920	258539520	215958384	17198104
609	200	5039345512	337584128	258539520	216175272	17198104
610	200	5014493877	337600512	259850240	216419968	17198104
611	200	4897253519	338653184	259850240	216648872	17198104
612	200	4954342342	338628608	259850240	216916360	17198104
613	200	4952139422	338591744	259850240	217125232	17198104
614	200	4966764128	338841600	259850240	217359272	17198104
615	200	4934601147	338595840	260112384	217596072	17198104
616	200	4959062801	338743296	260112384	217836840	17198104
617	200	5042708067	338903040	261160960	218069672	17198104
618	200	4986654338	340164608	261160960	218306472	17198104
619	200	4979197435	339820544	261423104	218543272	17198104
620	200	4991222282	339992576	261423104	218787968	17198104
621	200	5002108914	340426752	262209536	219029064	17198104
622	200	5011154527	340918272	262209536	219253672	17198104
623	200	5021555594	341577728	262209536	219512944	17198104
624	200	5024852505	341798912	262471680	219774848	17198104
625	200	5064452367	341409792	262471680	219987848	17198104
626	200	5100633698	341381120	263258112	220202648	17198104
627	200	5023738206	342691840	263258112	220437712	17198104
628	200	5095175834	342183936	263258112	220674512	17198104
629	200	5074506095	342552576	263520256	220924792	17198104
630	200	5095452538	342429696	263520256	221173216	17198104
631	200	5112223788	342626304	264830976	221384912	17198104
632	200	5233124338	344055808	264830976	221621712	17198104
633	200	5080654132	343814144	264830976	221858512	17198104
634	200	5134869608	343654400	264830976	222096336	17198104
635	200	5133763927	343683072	264830976	222332112	17198104
636	200	5133189458	344252416	265355264	222568912	17198104
637	200	5236395263	344211456	265355264	222805712	17198104
638	200	5159579363	344379392	266928128	223044248	17198104
639	200	5176974787	346120192	266928128	223279312	17198104
640	200	5136743132	346484736	266928128	223543920	17198104
641	200	5249879156	346198016	266928128	223752912	17198104
642	200	5188977687	345743360	266928128	223989712	17198104
643	200	5233676268	346202112	266928128	224226512	17198104
644	200	5188897927	346017792	266928128	224464336	17198104
645	200	5191485351	346546176	268500992	224700112	17198104
646	200	5300352102	347316224	268500992	224963056	17198104
647	200	5237592009	348479488	268500992	225173712	17198104
648	200	5289463482	349011968	268500992	225439912	17198104
649	200	5353116885	349319168	268500992	225647312	17198104
650	200	5285991480	349372416	268763136	225915200	17198104
651	200	5300001693	349032448	268763136	226120912	17198104
652	200	5351133272	349233152	269287424	226357712	17198104
653	200	5365972651	349782016	269287424	226594512	17198104
654	200	5334526390	350879744	271646720	227880912	17198104
655	200	5335602200	352251904	271646720	228116688	17198104
656	200	5368738956	356196352	275316736	232043416	17198104
657	200	5368347759	355319808	275316736	232260304	17198104
658	200	5340013069	355364864	275316736	232497104	17198104
659	200	5437234100	355516416	275578880	232733904	17198104
660	200	5373934429	356376576	275578880	232982568	17206296
661	200	5403502049	355913728	276889600	233207504	17198104
662	200	5359923758	357679104	276889600	233444304	17198104
663	200	5427270209	357236736	276889600	233712576	17198104
664	200	5447084388	357539840	276889600	233917904	17198104
665	200	5389316649	358117376	276889600	234155728	17198104
666	200	5483499424	357777408	276889600	234408712	17198104
667	200	5445853826	357814272	278462464	234628304	17198104
668	200	5437567227	358760448	278724608	234877768	17198104
669	200	5450303767	359432192	278724608	235101904	17198104
670	200	5464228965	359436288	278724608	235346600	17198104
671	200	5465251978	360022016	278724608	235575504	17198104
672	200	5465116090	359809024	278724608	235832216	17198104
673	200	5469507322	360067072	278724608	236049104	17198104
674	200	5469214876	359923712	280297472	236285904	17198104
675	200	5416675745	360472576	280297472	236569032	17198104
676	200	5461381808	360751104	280297472	236769888	17198104
677	200	5470940968	360689664	280297472	236996304	17198104
678	200	5595345630	360902656	280297472	237233104	17198104
679	200	5509587608	360951808	280297472	237469904	17198104
680	200	5597750841	361496576	280559616	237728080	17198104
681	200	5559887207	361373696	281083904	237943504	17198104
682	200	5548051912	362483712	281083904	238180304	17198104
683	200	5504834097	361775104	281083904	238417104	17198104
684	200	5592841802	370573312	289996800	247059720	17198104
685	200	5632423775	371077120	290258944	247280336	17198104
686	200	5539371177	371310592	290521088	247516112	17198104
687	200	5562561219	371994624	290783232	247754648	17198104
688	200	5587137592	371585024	290783232	248009624	17198104
689	200	5609065323	371724288	291045376	248239176	17198104
690	200	5534573482	372527104	291831808	248471208	17198104
691	200	5610743548	372867072	291831808	248700112	17198104
692	200	5605555023	373133312	291831808	248936912	17198104
693	200	5600999566	373383168	292093952	249173712	17198104
694	200	5621817453	373374976	292093952	249410512	17198104
695	200	5692044115	373633024	293666816	249648336	17198104
696	200	5920942044	375001088	293666816	249884112	17198104
697	200	5598590230	375431168	293666816	250134392	17198104
698	200	5570111016	375754752	293666816	250357712	17198104
699	200	5628290679	375476224	293666816	250596248	17198104
700	200	5655026104	375046144	293666816	250850280	17198104
701	200	5631172251	375947264	294191104	251069240	17198104
702	200	5640387634	375975936	294453248	251361280	17198104
703	200	5658223608	375832576	294453248	251542040	17198104
704	200	5664092489	376184832	294715392	251802720	17198104
705	200	5736824253	376397824	295763968	252015640	17198104
706	200	5656923953	377696256	295763968	252253464	17198104
707	200	5715393440	377651200	295763968	252489240	17198104
708	200	6035649426	377311232	295763968	252726040	17198104
709	200	5706303349	377815040	295763968	252962840	17198104
710	200	5740370033	377929728	297336832	253207536	17198104
711	200	5723200194	379015168	297336832	253449104	17198104
712	200	5736037188	378740736	297336832	253674976	17198104
713	200	5727387748	378937344	297336832	253910040	17198104
714	200	5772565544	379387904	297336832	254160320	17198104
715	200	5819643826	378826752	297336832	254383640	17198104
716	200	5763899676	379011072	297336832	254621464	17198104
717	200	5805184241	379047936	299171840	254857240	17198104
718	200	5773728099	381136896	299171840	255094040	17198104
719	200	5799201226	380674048	299171840	255330840	17198104
720	200	5822629984	380952576	299171840	255612656	17198104
721	200	6097965834	381554688	299171840	255804440	17198104
722	200	5769429843	381132800	299433984	256041240	17198104
723	200	5817761666	381464576	299433984	256278040	17198104
724	200	5884752684	382025728	299433984	256516576	17198104
725	200	5823681442	381562880	299696128	256762712	17198104
726	200	5832039162	382595072	300744704	256989464	17198104
727	200	5897421723	383221760	300744704	257225240	17198104
728	200	5859228973	382566400	300744704	257472424	17198104
729	200	5844620303	382824448	300744704	257711032	17198104
730	200	5914050160	382935040	301006848	257943536	17198104
731	200	5883919736	383229952	301006848	258185920	17198104
732	200	5919368706	383832064	301268992	258421904	17198104
733	200	5824371458	384081920	302579712	258668512	17198104
734	200	6369856810	384557056	302841856	258882840	17198104
735	200	5930012489	385298432	302841856	259119640	17198104
736	200	5914248302	385470464	302841856	259379112	17198104
737	200	5973962361	385310720	302841856	259593240	17198104
738	200	5947746907	385482752	302841856	259847248	17198104
739	200	6040391647	385499136	303104000	260066840	17198104
740	200	5976726483	385982464	304152576	260311536	17198104
741	200	5928397314	386564096	304152576	260556696	17198104
742	200	5934945541	386953216	304152576	260777240	17198104
743	200	5966897536	386162688	304152576	261014040	17198104
744	200	6041935907	386719744	304414720	261250840	17198104
745	200	5970643509	386420736	304414720	261487640	17198104
746	200	5953429320	386560000	305725440	261725464	17198104
747	200	5987760844	387854336	305725440	261961240	17198104
748	200	6386828422	387842048	305725440	262215488	17198104
749	200	6063443644	388112384	305725440	262436576	17198104
750	200	6032521570	388214784	305987584	262690608	17198104
751	200	6061184351	389038080	306249728	262908440	17198104
752	200	6037786980	388841472	306511872	263165152	17198104
753	200	6109017516	389746688	306511872	263382040	17198104
754	200	6069043103	389099520	306774016	263641888	17198104
755	200	6084214832	390017024	307822592	263855640	17198104
756	200	6128216641	390209536	307822592	264121840	17198104
757	200	6119701638	390242304	307822592	264330264	17198104
758	200	6016328708	390758400	307822592	264566040	17198104
759	200	6111962774	390852608	307822592	264802840	17198104
760	200	6117749915	391057408	309133312	265047536	17198104
761	200	6494151123	391630848	309133312	265278176	17198104
762	200	6153871763	391802880	309133312	265513240	17198104
763	200	6173463021	391651328	309133312	265750040	17198104
764	200	6215665871	392011776	309395456	265986840	17198104
765	200	6169395310	392585216	309395456	266237120	17198104
766	200	6177128819	392126464	309395456	266460440	17198104
767	200	6152741763	392519680	311230464	266698264	17198104
768	200	6186885109	394317824	311230464	266953952	17198104
769	200	6305057654	393875456	311230464	267170840	17198104
770	200	6194017108	394285056	311230464	267415536	17198104
771	200	6191111285	394768384	311230464	267644440	17198104
772	200	6415555971	394752000	311230464	267881240	17198104
773	200	6244231352	394670080	311230464	268119776	17206296
774	200	6215703958	394899456	312803328	268372048	17198104
775	200	6652301404	395735040	312803328	268615384	17198104
776	200	6373454535	395370496	312803328	268828448	17198104
777	200	6219866777	395538432	312803328	269066272	17198104
778	200	6280914622	395640832	312803328	269302048	17198104
779	200	6281853719	395526144	312803328	269538848	17198104
780	200	6281652153	396357632	313065472	269810184	17198104
781	200	6243746087	395628544	313327616	270012448	17198104
782	200	6282718448	396587008	313327616	270262728	17198104
783	200	6289609893	396791808	314900480	270498240	17198104
784	200	6330714198	397697024	314900480	270742760	17198104
785	200	6342532250	398061568	314900480	270961384	17198104
786	200	6326736665	397918208	314900480	271196448	17198104
787	200	6356661099	398270464	314900480	271434272	17198104
788	200	6367645292	398180352	314900480	271690352	17198104
789	200	6860118095	397897728	316473344	271906848	17198104
790	200	6248738420	398934016	316473344	272151544	17198104
791	200	6400383700	399634432	316473344	272380448	17198104
792	200	6400909246	399761408	316473344	272638424	17198104
793	200	6352245907	400060416	316473344	272854048	17198104
794	200	6377834412	400199680	316473344	273090848	17198104
795	200	6399169846	399310848	316735488	273327648	17198104
796	200	6371333810	400154624	316735488	273564448	17198104
797	200	6380639043	399925248	318308352	273813912	17198104
798	200	6387886130	400732160	318308352	274040808	17198104
799	200	6533056042	401326080	318570496	274288328	17198104
800	200	6410631632	402718720	318570496	274550544	17198104
801	200	6439393499	402231296	318570496	274749592	17198104
802	200	6451602095	402378752	318570496	274985592	17198104
803	200	6497751000	402948096	318570496	275222392	17198104
804	200	6896455680	403128320	320143360	275459192	17198104
805	200	6460518170	403484672	320143360	275695992	17198104
806	200	6505323435	403709952	320143360	275943176	17198104
807	200	6559434005	404213760	320143360	276169592	17198104
808	200	6500504887	404312064	320143360	276407416	17198104
809	200	6495716954	404287488	320143360	276643192	17198104
810	200	6511805226	404230144	320405504	276919024	17198104
811	200	6544414816	404201472	320405504	277117688	17198104
812	200	6490746770	404516864	321191936	277354392	17198104
813	200	6535470607	405348352	321191936	277591192	17198104
814	200	6541721117	404852736	321191936	277827992	17198104
815	200	6563490967	405770240	321454080	278064792	17198104
816	200	6577582432	405368832	321978368	278334984	17198104
817	200	6590755827	406056960	321978368	278538392	17198104
818	200	6982973139	406392832	322240512	278788880	17198104
819	200	6530173421	406867968	323289088	279028248	17198104
820	200	6613411985	407912448	323289088	279256688	17198104
821	200	6593756389	407957504	323289088	279485592	17198104
822	200	6581892605	407855104	323289088	279724128	17198104
823	200	6585860341	407666688	323813376	279959192	17198104
824	200	6650301804	408064000	323813376	280195992	17198104
825	200	6521882137	407834624	323813376	280443864	17198104
826	200	6664452851	407937024	324599808	280669592	17198104
827	200	6715109742	409178112	324599808	280906392	17198104
828	200	6675799412	408506368	324599808	281161424	17198104
829	200	6757670760	409354240	324861952	281379992	17198104
830	200	6764780259	409489408	324861952	281624688	17198104
831	200	6655407826	409264128	326172672	281853592	17198104
832	200	6785977722	409907200	326434816	282120688	17198104
833	200	7220840224	410644480	326434816	282340672	17198104
834	200	6708952374	411181056	326434816	282565728	17198104
835	200	6736003445	410771456	326434816	282800792	17198104
836	200	6715753989	411217920	326696960	283041560	17198104
837	200	6843075602	411058176	326696960	283286584	17198104
838	200	6824546927	412168192	328269824	283511192	17198104
839	200	6742016332	412348416	328269824	283749016	17198104
840	200	6797821392	412798976	328269824	284005352	17198104
841	200	6785458387	412844032	328269824	284221592	17198104
842	200	6743238914	412934144	328269824	284458392	17198104
843	200	6783883112	413663232	328531968	284717664	17198104
844	200	6848927220	413396992	328531968	284931992	17198104
845	200	6764160731	413151232	328531968	285168792	17198104
846	200	7104298893	413376512	328794112	285422800	17198104
847	200	6843953130	414248960	330366976	285644128	17198104
848	200	7507425763	414568448	330629120	285899104	17198104
849	200	6914497968	415326208	330629120	286117016	17198104
850	200	7011056608	415617024	330629120	286385240	17198104
851	200	6850677357	415719424	330629120	286589592	17198104
852	200	6892725335	416067584	330629120	286826392	17198104
853	200	6901856919	415461376	330629120	287063192	17198104
854	200	6802705088	416055296	332201984	287299992	17198104
855	200	6960166769	416387072	332201984	287536792	17198104
856	200	6941868089	416546816	332201984	287773592	17198104
857	200	6881951731	417386496	332201984	288010392	17198104
858	200	7027195410	416690176	332201984	288273832	17198104
859	200	6951675545	417619968	332201984	288486752	17198104
860	200	6988749265	417259520	332201984	288728688	17198104
861	200	7014347059	417427456	333512704	288957592	17198104
862	200	6942088493	418742272	333512704	289207056	17198104
863	200	6989284451	418082816	333512704	289431192	17198104
864	200	7350907343	418398208	333512704	289717304	17198104
865	200	6947046373	418988032	333774848	289904792	17198104
866	200	7019641643	419061760	334036992	290141592	17198104
867	200	7001402909	418807808	334823424	290391872	17198104
868	200	6943059260	419840000	334823424	290615192	17198104
869	200	7015003716	419741696	334823424	290853016	17198104
870	200	7049158494	419991552	334823424	291096688	17198104
871	200	7006613829	420532224	335609856	291327328	17198104
872	200	7034673955	420868096	335609856	291562392	17198104
873	200	7069552214	420782080	335609856	291799192	17198104
874	200	7075319350	422977536	337707008	294133144	17198104
875	200	7038295027	423579648	337969152	294381016	17198104
876	200	7040101625	424017920	339279872	294606744	17198104
877	200	7093948448	424857600	339279872	294843544	17198104
878	200	7096950360	424636416	339279872	295080344	17198104
879	200	7528671028	424087552	339279872	295318168	17198104
880	200	7106654735	424816640	339542016	295585720	17198104
881	200	7116342996	424480768	339804160	295790744	17198104
882	200	7211739287	425541632	339804160	296044752	17198104
883	200	7064854217	425865216	341377024	296277008	17198104
884	200	7192565288	426442752	341377024	296526744	17198104
885	200	7109528844	426315776	341377024	296737944	17198104
886	200	7155689363	426237952	341377024	296974744	17206296
887	200	7187725336	426627072	341377024	297211544	17198104
888	200	7165871219	427270144	341377024	297448344	17198104
889	200	7142083616	426319872	341377024	297685144	17198104
890	200	7160546235	426917888	341639168	297930864	17198104
891	200	7190182343	427315200	342687744	298170936	17198104
892	200	7206992656	427737088	342687744	298395544	17198104
893	200	7182505958	428527616	342687744	298632344	17198104
894	200	7302908105	427909120	342687744	298869144	17198104
895	200	7754537048	428158976	342687744	299105944	17198104
896	200	7221527302	428851200	342949888	299364392	17198104
897	200	7198913532	428404736	344522752	299595800	17198104
898	200	7386161476	429502464	344522752	299816344	17198104
899	200	7251702735	430026752	344522752	300053144	17198104
900	200	7256168631	430256128	344784896	300347448	17198104
901	200	7258687135	430780416	344784896	300539688	17198104
902	200	7181954813	429961216	344784896	300762208	17198104
903	200	7343371788	430534656	344784896	300999008	17198104
904	200	7268366268	430608384	345047040	301235808	17198104
905	200	7236916497	430567424	346357760	301485272	17198104
906	200	7416486500	431620096	346357760	301709408	17198104
907	200	7249769505	432001024	346357760	301946208	17198104
908	200	7333203576	431755264	346357760	302184744	17198104
909	200	7272064154	431882240	346357760	302419808	17198104
910	200	7404990496	432848896	346619904	302675912	17198104
911	200	7967871784	432525312	346619904	302894776	17198104
912	200	7355702651	432967680	346882048	303150688	17198104
913	200	7370563270	432930816	347668480	303367576	17198104
914	200	7260835972	433332224	347930624	303604376	17198104
915	200	7382218742	433958912	347930624	303841176	17198104
916	200	7390203910	433729536	347930624	304077976	17198104
917	200	7395475855	433360896	348717056	304313864	17198104
918	200	7435149297	434159616	348717056	304594456	17198104
919	200	7367952040	434376704	348717056	304788376	17198104
920	200	7406415546	435073024	348979200	305035832	17198104
921	200	7461717254	435494912	350027776	305263232	17198104
922	200	7386258820	435789824	350027776	305499232	17198104
923	200	7375213196	435589120	350027776	305736032	17198104
924	200	7515321165	436137984	350027776	305976800	17198104
925	200	7410900955	436002816	350027776	306220704	17198104
926	200	7412584279	436305920	351338496	306459096	17198104
927	200	7492809690	436969472	351338496	306683232	17198104
928	200	8089677210	437747712	351338496	306939944	17198104
929	200	7684834027	437444608	351338496	307156832	17198104
930	200	7503365671	437374976	351600640	307401528	17198104
931	200	7464152809	438046720	351600640	307632792	17198104
932	200	7478093799	438296576	353173504	307867768	17198104
933	200	7414639456	439099392	353173504	308106304	17198104
934	200	7522513334	439205888	353173504	308341368	17198104
935	200	7534109976	439033856	353173504	308591648	17198104
936	200	7661655402	439668736	353435648	308858816	17198104
937	200	7600583346	439967744	353435648	309051768	17198104
938	200	7578592942	439377920	353435648	309288568	17198104
939	200	7511334759	439353344	353435648	309525368	17198104
940	200	7905122327	440324096	355008512	309770064	17198104
941	200	7473468215	441364480	355008512	310001120	17198104
942	200	7594131345	441638912	355008512	310236096	17198104
943	200	7606615912	441675776	355008512	310472896	17198104
944	200	7779208936	441405440	355008512	310729608	17198104
945	200	8277146749	441421824	355008512	310960424	17198104
946	200	7593898897	442064896	355270656	311183296	17198104
947	200	7640467433	441720832	355794944	311420096	17198104
948	200	7639099951	442413056	355794944	311669560	17198104
949	200	7596832347	441917440	356319232	311893696	17198104
950	200	7561259563	442634240	356319232	312149464	17198104
951	200	7985518310	442863616	356581376	312369512	17198104
952	200	7690180585	442675200	356581376	312617968	17198104
953	200	7643795306	442970112	356843520	312864008	17198104
954	200	7696612201	444452864	357105664	313095296	17198104
955	200	7799672513	443809792	358416384	313314888	17198104
956	200	7661517969	445227008	358416384	313551688	17198104
957	200	7693555799	444772352	358416384	313790224	17198104
958	200	7621204887	445251584	358416384	314025288	17198104
959	200	7870192234	445407232	358416384	314262088	17198104
960	200	7651994308	445014016	358416384	314526696	17198104
961	200	7656601043	445198336	359989248	314737840	17198104
962	200	8541889427	446275584	359989248	314983200	17198104
963	200	7716704657	446676992	360251392	315209616	17198104
964	200	7898550661	447270912	360251392	315446416	17198104
965	200	7743580404	446746624	360251392	315683216	17198104
966	200	8060169564	447008768	360251392	315920016	17198104
967	200	7799082081	447737856	360251392	316156816	17198104
968	200	7703259771	447770624	361824256	316397584	17198104
969	200	7808723925	448249856	361824256	316656560	17198104
970	200	7784499651	448434176	361824256	316876848	17198104
971	200	7774933026	448790528	361824256	317105144	17198104
972	200	7892404062	448409600	361824256	317371568	17198104
973	200	8094273236	448679936	361824256	317577944	17198104
974	200	7914899882	448806912	362086400	317814744	17198104
975	200	7913788065	449191936	362610688	318078872	17198104
976	200	7906766904	449904640	362610688	318308256	17198104
977	200	8205223940	449634304	362610688	318525144	17198104
978	200	7918092012	450052096	362872832	318761944	17198104
979	200	8643162807	450048000	363397120	318998744	17198104
980	200	8189199060	450048000	363397120	319243440	17198104
981	200	7997192469	451338240	364969984	319473472	17198104
982	200	8062667651	453070848	364969984	319712232	17198104
983	200	7949638547	452583424	364969984	319946272	17198104
984	200	8318950581	452415488	364969984	320183072	17198104
985	200	7989690599	453402624	364969984	320419872	17198104
986	200	8026952416	453132288	364969984	320670152	17198104
987	200	8302697780	452612096	365232128	320894624	17198104
988	200	8032348708	452362240	365494272	321142960	17198104
989	200	8035257356	452878336	365756416	321369376	17198104
990	200	8056190002	452894720	365756416	321631280	17198104
991	200	8261505964	453308416	366804992	321854024	17198104
992	200	8129154028	453586944	366804992	322098624	17198104
993	200	8122968626	453664768	366804992	322314016	17198104
994	200	8362166008	453623808	366804992	322552080	17198104
995	200	8054927816	453480448	366804992	322786672	17198104
996	200	8176105973	453750784	368115712	323023000	17198104
997	200	8864691563	455774208	368115712	323259328	17198104
998	200	8615876440	454893568	368115712	323495656	17198104
999	200	8578332614	483844096	396951552	353104912	17198104
1000	200	8225496058	485212160	397737984	353353048	17198104
1001	15	8224838466	484757504	396951552	353342912	17198104
