block	steps	btime	rss	heapTotal	heapUsed	external
1	200	229552761	141799424	75325440	56796872	17210652
2	200	208287046	146317312	80044032	51367152	17210684
3	200	202590907	150540288	83451904	63545864	17210684
4	200	204308128	155066368	89190400	59758024	17210684
5	200	199636462	159232000	92860416	73493744	17210684
6	200	219063431	163504128	97316864	71869984	17210684
7	200	232960610	168546304	102039552	71964184	17210684
8	200	233413832	173309952	106172416	73275816	17210684
9	200	228177432	177414144	110891008	92108896	17210684
10	200	242136047	181755904	114823168	95708872	17210684
11	200	262454671	186097664	119803904	84164216	17210684
12	200	268130661	190337024	123736064	90359288	17210684
13	200	263609019	194482176	127668224	97832728	17210684
14	200	276967550	198733824	131862528	106699456	17210684
15	200	287464789	203005952	136056832	116839312	17210684
16	200	281780482	208175104	141172736	112605576	17210684
17	200	296860079	212504576	145891328	125362944	17210684
18	200	326280712	216735744	149823488	122908368	17210684
19	200	322412491	220954624	154017792	121665368	17210684
20	200	334264777	220921856	153001984	57552088	17198072
21	200	318054553	221192192	153001984	59567160	17198072
22	200	319879410	221192192	153001984	62500216	17198072
23	200	328439718	221315072	153001984	66823896	17198072
24	200	328785888	221331456	153001984	72522064	17198072
25	200	359653442	206323712	137801728	54467848	17198072
26	200	347445456	206974976	138330112	63336104	17198072
27	200	351654759	208195584	139386880	57494104	17198072
28	200	356604244	210038784	141230080	70311112	17198072
29	200	376717945	210038784	141230080	65938968	17198072
30	200	386862655	210038784	141230080	79677688	17198072
31	200	390674916	210038784	141230080	78042376	17198072
32	200	420945594	206790656	137928704	50661456	17198072
33	200	401298685	206790656	137928704	51676536	17198072
34	200	420314132	206798848	137928704	70776888	17198072
35	200	408892542	206802944	137928704	74429376	17198072
36	200	425541148	206802944	137928704	79426792	17198072
37	200	417153483	206802944	137928704	68987560	17198072
38	200	433344287	206802944	137928704	76636104	17198072
39	200	454493455	206856192	137928704	54118120	17198072
40	200	433591251	206864384	137928704	64353232	17198072
41	200	465255397	207458304	138715136	59594632	17198072
42	200	475775242	207732736	138977280	72678928	17198072
43	200	484824295	207732736	138977280	70096792	17198072
44	200	511366394	207814656	138977280	57355144	17198072
45	200	482624074	207814656	138977280	57455040	17198072
46	200	496305566	207814656	138977280	58980144	17198072
47	200	510875141	207814656	138977280	61794192	17198072
48	200	550817053	207446016	138452992	49462904	17198072
49	200	505490480	207446016	138452992	54962664	17198072
50	200	510067407	207446016	138452992	61795960	17198072
51	200	553291331	207499264	138452992	56128544	17198072
52	200	526124797	207499264	138452992	65622144	17198072
53	200	535955537	207499264	138452992	59689368	17198072
54	200	564574499	207667200	138452992	63896824	17198072
55	200	554098283	207937536	138723328	60919680	17198072
56	200	558905246	207937536	138723328	59009392	17198072
57	200	662693459	208285696	138723328	56863488	17198072
58	200	592676950	208285696	138723328	57654656	17198072
59	200	599369135	208297984	138723328	57795600	17198072
60	200	569469462	208297984	138723328	61314728	17198072
61	200	675524589	208297984	138723328	66086016	17198072
62	200	683896131	208297984	138723328	72184208	17198072
63	200	638733637	213262336	143712256	84421304	17198072
64	200	651995311	210583552	140820480	51992352	17198072
65	200	620567224	211644416	141873152	63111688	17198072
66	200	626362361	212697088	142925824	75548896	17198072
67	200	629082020	213749760	143978496	72558296	17198072
68	200	660761201	213803008	144240640	86713576	17198072
69	200	647246448	215203840	145555456	86346112	17198072
70	200	744813406	216449024	146870272	87357624	17198072
71	200	755208918	218583040	149233664	106449416	17198072
72	200	698212438	222937088	153432064	111142264	17198072
73	200	691305629	225198080	155791360	115103520	17198072
74	200	703219170	218812416	148946944	62625176	17198072
75	200	691987756	218812416	148946944	69337976	17206264
76	200	760609836	218812416	148946944	77355128	17206264
77	200	737707950	218812416	148946944	86707432	17206264
78	200	737951763	218812416	148946944	59584640	17198072
79	200	715408801	218812416	148946944	71647576	17198072
80	200	741567339	218812416	148946944	68226584	17198072
81	200	838833035	218812416	148946944	82881400	17198072
82	200	734081482	219746304	149880832	83039912	17198072
83	200	758393495	219885568	150142976	83711992	17198072
84	200	750809252	220147712	150405120	85579576	17198072
85	200	916905811	220561408	150405120	65953544	17198072
86	200	813228596	220561408	150405120	70502656	17198072
87	200	827530298	220561408	150405120	76455520	17198072
88	200	781467270	220565504	150405120	83757280	17198072
89	200	835018515	220815360	150405120	68384448	17198072
90	200	824966621	220815360	150405120	78296848	17198072
91	200	813806008	220815360	150405120	72823752	17198072
92	200	865257939	220815360	150405120	85415248	17198072
93	200	863282815	220954624	150405120	76401664	17198072
94	200	848828155	220954624	150405120	75028480	17198072
95	200	822527569	220954624	150405120	74893080	17198072
96	200	867586788	221011968	150667264	76021416	17198072
97	200	880813586	221528064	150667264	64735792	17198072
98	200	875330912	221528064	150667264	68609544	17198072
99	200	863195318	221528064	150667264	73813864	17198072
100	200	1011788851	221609984	150929408	80362016	17198072
101	15	727866199	221757440	150929408	82751576	17198072
