block	steps	btime	rss	heapTotal	heapUsed	external
1	200	209464752	140845056	75325440	55146000	17210692
2	200	189284275	145240064	80568320	46616640	17210724
3	200	178839925	149430272	84500480	54071168	17210724
4	200	180820908	153776128	88666112	61299952	17210724
5	200	171856644	157982720	92336128	68243672	17210724
6	200	175216211	162164736	96792576	75033496	17210724
7	200	174641056	167071744	101253120	82341272	17210724
8	200	175040203	171798528	106696704	73028256	17210724
9	200	170391109	175976448	110628864	79699320	17210724
10	200	180286179	180129792	114298880	86436152	17210724
11	200	174273339	184492032	118755328	93275840	17210724
12	200	173867694	188624896	123211776	99984928	17210724
13	200	175781852	192724992	126619648	106666992	17210724
14	200	177534777	197013504	132124672	96951136	17210724
15	200	171705806	201347072	135794688	103538104	17210724
16	200	175196528	206409728	140648448	111161184	17210724
17	200	176092500	210608128	144580608	117808608	17210724
18	200	170143915	214732800	148774912	124486360	17210724
19	200	178527842	218951680	152969216	131214016	17210724
20	200	188996362	219631616	153001984	42794160	17198112
21	200	175904164	219656192	153001984	49757656	17198112
22	200	175163937	219656192	153001984	56571552	17198112
23	200	176756111	219656192	153001984	63343176	17198112
24	200	168706788	219676672	153001984	70166752	17198112
25	200	168481446	220786688	154058752	77989720	17198112
26	200	178847110	221999104	155115520	69387960	17198112
27	200	167870468	223096832	156172288	77252000	17198112
28	200	160982914	224440320	157229056	85233488	17198112
29	200	171137943	226136064	158810112	93521664	17198112
30	200	162851862	226140160	158810112	100326760	17198112
31	200	167195997	226144256	158810112	107136360	17198112
32	200	166114023	227987456	160649216	99364760	17198112
33	200	163918463	227987456	160649216	106165296	17198112
34	200	161221358	227987456	160649216	112984408	17198112
35	200	162075617	227987456	160649216	119716928	17198112
36	200	162716598	227987456	160649216	126483936	17198112
37	200	162871806	227991552	160649216	133214072	17198112
38	200	169787722	228065280	160649216	139944768	17198112
39	200	176300079	229822464	163532800	130114504	17198112
40	200	171060740	233889792	167727104	136875032	17198112
41	200	167397258	238342144	171397120	143884048	17198112
42	200	165670980	242556928	175853568	150706064	17198112
43	200	165022573	246652928	179785728	157426928	17198112
44	200	166888475	250777600	183717888	164132456	17198112
45	200	168285845	254992384	188960768	154379824	17198112
46	200	170644625	259092480	192892928	160971736	17198112
47	200	192859540	254631936	187211776	60159616	17198112
48	200	164540693	254631936	187211776	66827176	17198112
49	200	164556225	254631936	187211776	73557528	17198112
50	200	168882790	254631936	187211776	63786288	17198112
51	200	166039140	254631936	187211776	70536528	17198112
52	200	168537939	254631936	187211776	77212888	17198112
53	200	157380800	254631936	187211776	84011920	17198112
54	200	166668096	254631936	187211776	90713000	17198112
55	200	166620920	254902272	187482112	97707560	17198112
56	200	156220619	254902272	187482112	104466576	17198112
57	200	174128712	254902272	187482112	94652728	17198112
58	200	169947956	254902272	187482112	101351808	17198112
59	200	170578571	254902272	187482112	108076464	17198112
60	200	157526935	254902272	187482112	114770912	17198112
61	200	166926073	254902272	187482112	121453544	17198112
62	200	174725226	254902272	187482112	128176040	17198112
63	200	173234501	259629056	192208896	123077304	17198112
64	200	163188209	260681728	193261568	130799288	17198112
65	200	166533815	261734400	194314240	138597328	17198112
66	200	162058939	262807552	195366912	146403072	17198112
67	200	163123097	263860224	196419584	154112136	17198112
68	200	169846582	264912896	197472256	161888912	17198112
69	200	160763252	265994240	198524928	153155496	17198112
70	200	166915640	267407360	199577600	160936888	17198112
71	200	164897831	269279232	202465280	168724096	17198112
72	200	173846530	274604032	207454208	178499328	17198112
73	200	172801656	276856832	209813504	185198720	17198112
74	200	161307105	280961024	213745664	191871824	17198112
75	200	175039789	285061120	217677824	198565448	17206304
76	200	177436888	289275904	222658560	188781496	17206304
77	200	174264368	293376000	226328576	195415368	17206304
78	200	193293278	282775552	214220800	63743080	17198112
79	200	175755749	282775552	214220800	70462720	17198112
80	200	158332699	282775552	214220800	77210168	17198112
81	200	176300146	282775552	214220800	83972160	17198112
82	200	164323529	283709440	215154688	91660128	17198112
83	200	179328368	283709440	215154688	81943784	17198112
84	200	178644601	283709440	215154688	88645072	17198112
85	200	160449417	283709440	215154688	95351664	17198112
86	200	176239543	283709440	215154688	102045408	17198112
87	200	156582946	283709440	215154688	108775424	17198112
88	200	176449784	283709440	215154688	115499680	17198112
89	200	159397287	283709440	215154688	122200664	17198112
90	200	182494844	283709440	215154688	112437840	17198112
91	200	157768116	283709440	215154688	119150096	17198112
92	200	174911360	283709440	215154688	125909184	17198112
93	200	157526243	283709440	215154688	132637264	17198112
94	200	175501819	283709440	215154688	139345504	17198112
95	200	157478232	283709440	215154688	146055560	17198112
96	200	178846740	283709440	215154688	136241784	17198112
97	200	178269485	283709440	215154688	142934464	17198112
98	200	154711255	283709440	215154688	149669184	17198112
99	200	180688300	283709440	215154688	156380448	17198112
100	200	164226123	283709440	215154688	163139816	17198112
101	200	184205025	283709440	215154688	169922456	17198112
102	200	156041626	283709440	215154688	160228072	17198112
103	200	187586826	283709440	215154688	166999408	17198112
104	200	155708350	283803648	215154688	173773152	17198112
105	200	187968612	283803648	215154688	180552192	17198112
106	200	160073187	284270592	215678976	187300416	17198112
107	200	156887001	286388224	218300416	194019768	17198112
108	200	187185962	288489472	219873280	200717928	17198112
109	200	163705990	291885056	224591872	190871760	17198112
110	200	189899927	296521728	229056512	198084016	17198112
111	200	159550052	300630016	232988672	204738024	17198112
112	200	199605240	304730112	237182976	211448008	17198112
113	200	164838862	308854784	240852992	218162240	17198112
114	200	164751147	312954880	244523008	224851600	17198112
115	200	198550982	317177856	250028032	215024360	17198112
116	200	172283728	321282048	253698048	221733008	17198112
117	200	197454697	325378048	257630208	228362192	17198112
118	200	186416988	329482240	261562368	235106080	17198112
119	200	202194977	333582336	265756672	241792976	17198112
120	200	198466677	337154048	267321344	71145320	17198112
121	200	199360898	337154048	267321344	77874048	17198112
122	200	154802066	337154048	267321344	84623008	17198112
123	200	154567127	337154048	267321344	91373648	17198112
124	200	200245239	337154048	267321344	98125704	17198112
125	200	165868896	344498176	274665472	112203352	17198112
126	200	203906118	344498176	274665472	118941704	17198112
127	200	155402567	344498176	274665472	109225568	17198112
128	200	211810881	344498176	274665472	115997760	17198112
129	200	160225705	344498176	274665472	122771896	17198112
130	200	164868915	344498176	274665472	129530744	17198112
131	200	173833584	346599424	276766720	138392656	17198112
132	200	164360387	346615808	276766720	145177256	17198112
133	200	169111548	348717056	278867968	137598192	17198112
134	200	155855247	348717056	278867968	144353504	17198112
135	200	175280276	350818304	280969216	153247968	17198112
136	200	163105628	350818304	280969216	160013664	17198112
137	200	159414121	350818304	280969216	166860984	17198112
138	200	164671025	352919552	283070464	175708048	17198112
139	200	166365354	352919552	283070464	166013560	17198112
140	200	170416915	355020800	285171712	174837024	17198112
141	200	158476074	355020800	285171712	181572944	17198112
142	200	174801677	357212160	287272960	190442040	17198112
143	200	158473958	357212160	287272960	197256816	17198112
144	200	176314167	359337984	289374208	206141312	17198112
145	200	156576193	359337984	289374208	196404072	17198112
146	200	176718397	361439232	291475456	205279336	17198112
147	200	156328024	361439232	291475456	212030448	17198112
148	200	172661960	363540480	293576704	220966952	17198112
149	200	177884594	365641728	295677952	229809752	17198112
150	200	156821305	365641728	295677952	236581936	17198112
151	200	174925857	367742976	297779200	229011536	17198112
152	200	155024458	367742976	297779200	235770744	17198112
153	200	170100668	369844224	299880448	244627048	17198112
154	200	153936554	369856512	299880448	251391464	17198112
155	200	176629959	371957760	301981696	260270952	17198112
156	200	159794543	371957760	301981696	267076536	17198112
157	200	170750985	374059008	304082944	275951680	17198112
158	200	172856630	377421824	308543488	268332376	17198112
159	200	160066650	379527168	310640640	275030824	17198112
160	200	228815330	348090368	278331392	90089784	17198112
161	200	158964879	348090368	278331392	97488824	17198112
162	200	221847067	348090368	278331392	104922416	17198112
163	200	156283178	348090368	278331392	112329256	17198112
164	200	161209652	349941760	280182784	121623048	17198112
165	200	219732455	349941760	280182784	112923632	17198112
166	200	170965269	349941760	280182784	120305312	17198112
167	200	157898612	349941760	280182784	127728000	17198112
168	200	155853814	349941760	280182784	135137496	17198112
169	200	223107671	349941760	280182784	142525008	17198112
170	200	162418645	349941760	280182784	133826928	17198112
171	200	158553204	349941760	280182784	141213888	17198112
172	200	227313394	349941760	280182784	148608680	17198112
173	200	155467892	349941760	280182784	156019744	17198112
174	200	157634801	349941760	280182784	163449896	17198112
175	200	228793776	349941760	280182784	170876552	17198112
176	200	158639843	349941760	280182784	162183576	17198112
177	200	159007429	349941760	280182784	169608704	17198112
178	200	230407464	349941760	280182784	177016960	17198112
179	200	160945583	349941760	280182784	184416424	17198112
180	200	162413486	349941760	280182784	191808912	17198112
181	200	160798213	349941760	280182784	183036128	17198112
182	200	235885900	349941760	280182784	190444752	17198112
183	200	157323856	350253056	280182784	197845600	17198112
184	200	159917277	350253056	280182784	205302296	17198112
185	200	159319625	350253056	280182784	212730568	17198112
186	200	241560100	350253056	280182784	220195128	17198112
187	200	161934354	350253056	280182784	211471432	17198112
188	200	157607172	350629888	280182784	218880960	17198112
189	200	236764557	350629888	280182784	226327928	17198112
190	200	159919865	350629888	280182784	233762584	17198112
191	200	155964203	351469568	281231360	241212328	17198112
192	200	162240549	354156544	284901376	232448864	17198112
193	200	242164725	356573184	286998528	239818992	17198112
194	200	158877369	358989824	289357824	247219384	17198112
195	200	158027873	361402368	291454976	254661080	17198112
196	200	161445246	363814912	293814272	262055712	17198112
197	200	245709165	366501888	297222144	253235632	17198112
198	200	161817731	368922624	299581440	260629872	17198112
199	200	160001129	371331072	301416448	268000344	17198112
200	200	254062235	373751808	304037888	275384896	17198112
201	200	167495425	376172544	306397184	282794272	17198112
202	200	160763746	380526592	310591488	290192824	17198112
203	200	161774825	385204224	315572224	281377592	17206304
204	200	259008707	389619712	320290816	288726008	17206304
205	200	169511659	394027008	324485120	296130816	17206304
206	200	162807708	398442496	328679424	303540664	17206304
207	200	158942977	402849792	332873728	310975272	17206304
208	200	262748252	407261184	337330176	318342888	17206304
209	200	165128449	411942912	342573056	309578016	17206304
210	200	161215685	416350208	347029504	316942440	17206304
211	200	161526187	420765696	350961664	324314400	17206304
212	200	262383485	425177088	355418112	331684896	17206304
213	200	160859215	429584384	359874560	339060480	17206304
214	200	167574463	435318784	366170112	331329480	17206304
215	200	161618990	439726080	370364416	338696168	17206304
216	200	302098275	444039168	372834304	107446272	17198112
217	200	165049236	444039168	372834304	114292648	17198112
218	200	158072718	444039168	372834304	121383776	17198112
219	200	165456937	445095936	373891072	129495048	17198112
220	200	267313577	445095936	373891072	120250528	17198112
221	200	169116836	445095936	373891072	127304720	17198112
222	200	160589831	445095936	373891072	134410448	17198112
223	200	160672723	445095936	373891072	141393920	17198112
224	200	158359711	445095936	373891072	148409984	17198112
225	200	267971957	445095936	373891072	155407232	17198112
226	200	161196324	445095936	373891072	146178776	17198112
227	200	160294716	445095936	373891072	153179688	17198112
228	200	161687867	445095936	373891072	160205456	17198112
229	200	274636102	445095936	373891072	167308064	17198112
230	200	156545165	445095936	373891072	174358752	17198112
231	200	159416382	445095936	373891072	181448488	17198112
232	200	169134616	445095936	373891072	188490264	17198112
233	200	287809288	445095936	373891072	179229848	17198112
234	200	159152930	445095936	373891072	186310456	17198112
235	200	156913563	445095936	373891072	193302240	17198112
236	200	156730301	445095936	373891072	200365936	17198112
237	200	158484552	445095936	373891072	207374752	17198112
238	200	285958111	445095936	373891072	214408960	17198112
239	200	157338148	445095936	373891072	205175584	17198112
240	200	157737783	445095936	373891072	212215176	17198112
241	200	155665076	445095936	373891072	219204224	17198112
242	200	291507740	445095936	373891072	226244880	17198112
243	200	160151514	445095936	373891072	233239544	17198112
244	200	160664433	445095936	373891072	240303664	17198112
245	200	163048382	445095936	373891072	230998000	17198112
246	200	168193269	445095936	373891072	237943344	17198112
247	200	296749630	445095936	373891072	245008200	17198112
248	200	156140212	445095936	373891072	252032808	17198112
249	200	161708840	445095936	373891072	259065080	17198112
250	200	180778512	459780096	388575232	280732664	17198112
251	200	165175773	459780096	388575232	287672664	17198112
252	200	331177449	459780096	388575232	278375680	17198112
253	200	159562158	459780096	388575232	285320688	17198112
254	200	164485302	459780096	388575232	292379584	17198112
255	200	165371506	459780096	388575232	299425320	17198112
256	200	323797166	459780096	388575232	306354392	17198112
257	200	162514776	459780096	388575232	313369080	17198112
258	200	166401926	459780096	388575232	303912720	17198112
259	200	156220618	459780096	388575232	310910288	17198112
260	200	157967665	460312576	388575232	317962056	17198112
261	200	325365070	460312576	388575232	324896184	17198112
262	200	166863305	460484608	388575232	331931944	17198112
263	200	162553933	460484608	388575232	338932152	17198112
264	200	159574354	460484608	388575232	346013016	17198112
265	200	183168805	464683008	392773632	340904016	17198112
266	200	166033027	464683008	392773632	347985800	17198112
267	200	157612983	464683008	392773632	355099656	17198112
268	200	164093055	466644992	395395072	362111048	17198112
269	200	160141955	469082112	397754368	369208624	17198112
270	200	184384860	475713536	404049920	380483848	17198112
271	200	166180665	478318592	407457792	371219632	17198112
272	200	159255310	481226752	410341376	378280608	17198112
273	200	164698795	485658624	414797824	385364424	17198112
274	200	168301897	490086400	418992128	392406008	17198112
275	200	193008901	498708480	427122688	403705664	17198112
276	200	162350230	503140352	431579136	410796992	17198112
277	200	240522517	486674432	415039488	136230448	17198112
278	200	167751236	486674432	415039488	143120568	17198112
279	200	187866145	490872832	419237888	138059240	17198112
280	200	160252395	490872832	419237888	145109664	17198112
281	200	157021308	490872832	419237888	152180640	17198112
282	200	158004247	490872832	419237888	159178264	17198112
283	200	193449135	495071232	423436288	170423344	17198112
284	200	180902456	495071232	423436288	177464520	17198112
285	200	160122644	495071232	423436288	184412504	17198112
286	200	160686271	495071232	423436288	175092648	17198112
287	200	184610824	499269632	427634688	186304600	17198112
288	200	163639239	499269632	427634688	193375064	17198112
289	200	159769661	499269632	427634688	200373040	17198112
290	200	159217780	499269632	427634688	207422664	17198112
291	200	190415602	503468032	431833088	218674360	17198112
292	200	159513623	503468032	431833088	209354392	17198112
293	200	160218048	503468032	431833088	216357064	17198112
294	200	159287561	503468032	431833088	223459400	17198112
295	200	185820338	507666432	436031488	234747760	17198112
296	200	157020091	507666432	436031488	241823808	17198112
297	200	158816516	507666432	436031488	248816640	17198112
298	200	158673147	507666432	436031488	239561048	17198112
299	200	192560102	511864832	440229888	250754432	17198112
300	200	160237477	511864832	440229888	257752672	17198112
301	200	161611334	511864832	440229888	264810312	17198112
302	200	158246102	511864832	440229888	271849528	17198112
303	200	191578553	516063232	444428288	283037336	17198112
304	200	155107395	516063232	444428288	290098968	17198112
305	200	161377599	516063232	444428288	280859304	17198112
306	200	181131911	520261632	448626688	292134312	17198112
307	200	174821790	520261632	448626688	299221504	17198112
308	200	158776111	520261632	448626688	306274952	17198112
309	200	160024340	520261632	448626688	313366632	17198112
310	200	187005688	524460032	452825088	324608648	17198112
311	200	164534347	524460032	452825088	315372152	17198112
312	200	165517956	524460032	452825088	322365240	17198112
313	200	160877980	524460032	452825088	329407568	17198112
314	200	194353551	528658432	457023488	340695416	17198112
315	200	163906628	528658432	457023488	347791600	17198112
316	200	160783609	528658432	457023488	354873408	17198112
317	200	182008267	532856832	461221888	349714464	17198112
318	200	168977667	532856832	461221888	356782512	17198112
319	200	158106391	532856832	461221888	363724656	17198112
320	200	156695076	532856832	461221888	370634312	17198112
321	200	189552009	537055232	465420288	381890024	17198112
322	200	156919685	537055232	465420288	388893632	17198112
323	200	161677423	537075712	465420288	379536008	17198112
324	200	159053346	537075712	465420288	386597952	17198112
325	200	192123831	541274112	469618688	397841376	17198112
326	200	161322848	541806592	469618688	404838840	17198112
327	200	162371779	541806592	469618688	411898880	17198112
328	200	205293371	549691392	477503488	426835552	17198112
329	200	160208326	549691392	477503488	433821792	17198112
330	200	162691608	549691392	477503488	424551416	17198112
331	200	195403594	553889792	481701888	435707344	17206304
332	200	158797041	555196416	483012608	442822680	17206304
333	200	160522798	557432832	485896192	449822296	17206304
334	200	198245635	568217600	496648192	465274992	17206304
335	200	161715768	570654720	498745344	472315400	17206304
336	200	162183145	573218816	502153216	463018320	17206304
337	200	165253150	575684608	504512512	470055192	17206304
338	200	162226621	579575808	508444672	476961200	17206304
339	200	164585091	584003584	512638976	483921424	17206304
340	200	300365164	588410880	516571136	491007392	17206304
341	200	159893268	592842752	521027584	498077200	17206304
342	200	164506335	597196800	525221888	505124336	17206304
343	200	174202376	601870336	530726912	495745992	17206304
344	200	250282783	534220800	462225408	164687712	17198112
345	200	160601091	534220800	462225408	155443304	17198112
346	200	322285823	534220800	462225408	162478728	17198112
347	200	158951655	534220800	462225408	169560728	17198112
348	200	156440528	534220800	462225408	176636680	17198112
349	200	158723911	534220800	462225408	183707168	17198112
350	200	173559339	534220800	462225408	190842432	17198112
351	200	158078803	534220800	462225408	181469944	17198112
352	200	312260397	534220800	462225408	188479888	17198112
353	200	167982633	534220800	462225408	195531408	17198112
354	200	157025848	534220800	462225408	202616096	17198112
355	200	162101433	534220800	462225408	209660056	17198112
356	200	156574128	534220800	462225408	216743576	17198112
357	200	155744850	534220800	462225408	223807232	17198112
358	200	163833651	534220800	462225408	214578536	17198112
359	200	337720596	534220800	462225408	221652120	17198112
360	200	173700013	534220800	462225408	228654608	17198112
361	200	166036627	534220800	462225408	235728280	17198112
362	200	165591134	534220800	462225408	242730464	17198112
363	200	173439354	534220800	462225408	249753528	17198112
364	200	167091849	534220800	462225408	240437832	17198112
365	200	323865220	534220800	462225408	247428376	17198112
366	200	165903748	534220800	462225408	254472032	17198112
367	200	161009463	534220800	462225408	261568544	17198112
368	200	157653221	534220800	462225408	268572112	17198112
369	200	161976158	534220800	462225408	275653920	17198112
370	200	165406704	534220800	462225408	266469328	17198112
371	200	161066739	534220800	462225408	273510536	17198112
372	200	326141822	534220800	462225408	280597384	17198112
373	200	166495776	534220800	462225408	287606840	17198112
374	200	158568740	534220800	462225408	294685848	17198112
375	200	168996839	534220800	462225408	301745856	17198112
376	200	161698666	534220800	462225408	292421584	17198112
377	200	157907245	534220800	462225408	299409856	17198112
378	200	168463826	534220800	462225408	306477688	17198112
379	200	329775246	534220800	462225408	313534520	17198112
380	200	161085404	534220800	462225408	320560072	17198112
381	200	163460512	534220800	462225408	327570528	17198112
382	200	159493145	534220800	462225408	334627464	17198112
383	200	163896235	534220800	462225408	325258192	17198112
384	200	161173537	534220800	462225408	332342960	17198112
385	200	158457840	534220800	462225408	339327616	17198112
386	200	334874330	534220800	462225408	346316904	17198112
387	200	159814759	534220800	462225408	353380760	17198112
388	200	160753967	534220800	462225408	360446696	17198112
389	200	162255576	534220800	462225408	351112512	17198112
390	200	162369264	534220800	462225408	358164104	17198112
391	200	155809679	534220800	462225408	365147336	17198112
392	200	159554525	534220800	462225408	372187328	17198112
393	200	341514049	534220800	462225408	379287056	17198112
394	200	160082556	534220800	462225408	386341784	17198112
395	200	162350936	534220800	462225408	377096568	17198112
396	200	165595035	534220800	462225408	384138720	17198112
397	200	162657818	534560768	462225408	391061736	17198112
398	200	163997410	534560768	462225408	398164528	17198112
399	200	158553685	534560768	462225408	405269656	17198112
400	200	162038414	534560768	462225408	412335448	17198112
401	200	382942054	534822912	462487552	419359512	17198112
402	200	163315759	534822912	462487552	410038744	17198112
403	200	160793149	534843392	462749696	417141448	17198112
404	200	162906416	536915968	464584704	424193800	17198112
405	200	166019372	538984448	466681856	431221152	17198112
406	200	162406124	541216768	469303296	438220632	17198112
407	200	163058410	543645696	471400448	445144552	17198112
408	200	386821874	546258944	475070464	435907680	17198112
409	200	161698324	548655104	477167616	442992464	17198112
410	200	162540740	552660992	481099776	450070480	17198112
411	200	164465500	557092864	485556224	457079336	17198112
412	200	169564425	561520640	490012672	464079536	17198112
413	200	163665367	565923840	493944832	471126576	17198112
414	200	166422612	570531840	499449856	461920032	17198112
415	200	378007174	574959616	503906304	469024392	17198112
416	200	175675868	579383296	508100608	476041848	17198112
417	200	165052848	583815168	512294912	483027008	17198112
418	200	165116988	588247040	516489216	490079304	17198112
419	200	165210246	592687104	520945664	497150448	17198112
420	200	164476839	597139456	525139968	504177192	17198112
421	200	164896444	601759744	530644992	494839472	17198112
422	200	160740094	606183424	534839296	501842792	17198112
423	200	387757989	610549760	539033600	508905080	17198112
424	200	169896469	615084032	543227904	515924520	17198112
425	200	163367433	619520000	547684352	522913184	17198112
426	200	163094828	623976448	551878656	529967776	17198112
427	200	167962283	628621312	557383680	520573568	17198112
428	200	164674865	633049088	561577984	527649128	17198112
429	200	164176446	637476864	565772288	534789496	17198112
430	200	163145892	641908736	570228736	541819232	17198112
431	200	393742123	646418432	574423040	548925632	17198112
432	200	168227038	650858496	578879488	555995608	17198112
433	200	165337366	655458304	583860224	546738000	17198112
434	200	164295712	659886080	588316672	553774080	17198112
435	200	169471459	664322048	592773120	560768312	17198112
436	200	163165360	668762112	596967424	567818288	17198112
437	200	174958100	675303424	603004928	576908488	17198112
438	200	169114028	679768064	607461376	583907840	17198112
439	200	401215426	684212224	611655680	590844640	17198112
440	200	165595648	688951296	617160704	581591776	17198112
441	200	173518940	693387264	621355008	588517256	17198112
442	200	299172820	695840768	621608960	180161176	17198112
443	200	163196555	695873536	621608960	187244632	17198112
444	200	161578393	695963648	621608960	194331864	17198112
445	200	160193273	695992320	621608960	201385464	17198112
446	200	163186518	696000512	621608960	208372296	17198112
447	200	440246624	696000512	621608960	199162304	17198112
448	200	161377087	696012800	621608960	206203072	17198112
449	200	162526935	696012800	621608960	213249560	17198112
450	200	159533472	696012800	621608960	220237672	17198112
451	200	159893823	696012800	621608960	227312184	17198112
452	200	164214097	696025088	621608960	234386160	17198112
453	200	162426407	696033280	621608960	225110400	17198112
454	200	161132541	696033280	621608960	232096216	17198112
455	200	411940102	696033280	621608960	239144408	17198112
456	200	172653298	696033280	621608960	246208576	17198112
457	200	158319558	696033280	621608960	253278584	17198112
458	200	160410276	696033280	621608960	260275840	17198112
459	200	168097729	696033280	621608960	250966832	17206304
460	200	163925880	696033280	621608960	258028136	17206304
461	200	160005705	696033280	621608960	265087904	17206304
462	200	165473431	696033280	621608960	272179080	17206304
463	200	160815686	696033280	621608960	279231120	17206304
464	200	425695429	696033280	621608960	286346392	17206304
465	200	162098123	696037376	621608960	277023976	17206304
466	200	160553836	696037376	621608960	284093488	17206304
467	200	169815807	696037376	621608960	291142704	17206304
468	200	161657565	696037376	621608960	298191440	17206304
469	200	166878636	696049664	621608960	305241784	17206304
470	200	173274092	696049664	621608960	312260472	17206304
471	200	162553458	696049664	621608960	319352384	17206304
472	200	433631078	696049664	621608960	310135288	17206304
473	200	157058106	696049664	621608960	317180768	17206304
474	200	157624668	696049664	621608960	324188672	17206304
475	200	157948691	696053760	621608960	331195112	17206304
476	200	157954502	696053760	621608960	338200016	17206304
477	200	167128780	696053760	621608960	345145904	17206304
478	200	161693083	696053760	621608960	335922768	17206304
479	200	157916832	696053760	621608960	342984472	17206304
480	200	158662790	696053760	621608960	350094224	17206304
481	200	439455224	696053760	621608960	357065608	17206304
482	200	161773923	696053760	621608960	364013296	17206304
483	200	162505566	696053760	621608960	371082120	17206304
484	200	167870998	696053760	621608960	361775648	17206304
485	200	160522643	696053760	621608960	368851792	17206304
486	200	157161325	696053760	621608960	375921592	17206304
487	200	165812613	696053760	621608960	382996088	17206304
488	200	164050784	696053760	621608960	389933000	17206304
489	200	166049813	696053760	621608960	396996592	17206304
490	200	456917272	696053760	621608960	404065608	17206304
491	200	171946814	696053760	621608960	394808816	17206304
492	200	157741937	696053760	621608960	401830720	17206304
493	200	162684703	696053760	621608960	408857296	17206304
494	200	159427941	696053760	621608960	415791176	17206304
495	200	161844101	696127488	621608960	422858824	17206304
496	200	165187640	696127488	621608960	429917152	17206304
497	200	161895276	696127488	621608960	420630840	17206304
498	200	448478700	696127488	621608960	427709344	17206304
499	200	173799672	696127488	621608960	434684952	17206304
500	200	204231908	725491712	650973184	471048528	17206304
501	200	162489683	725491712	650973184	478082112	17206304
502	200	166492253	725491712	650973184	485186760	17206304
503	200	165584738	725491712	650973184	475861000	17206304
504	200	159597680	725491712	650973184	482869448	17206304
505	200	159533087	725491712	650973184	489903752	17206304
506	200	159373211	725491712	650973184	496889880	17206304
507	200	168270124	725491712	650973184	503954800	17206304
508	200	471799510	725491712	650973184	511028216	17206304
509	200	163304408	725491712	650973184	518105832	17206304
510	200	166465678	725491712	650973184	508838280	17206304
511	200	161999045	725532672	650973184	515882048	17206304
512	200	161431741	725577728	650973184	522892152	17206304
513	200	159634884	725577728	650973184	529944936	17206304
514	200	160232663	725577728	650973184	536944112	17206304
515	200	163825784	725577728	650973184	543919280	17206304
516	200	169581985	725577728	650973184	534624936	17206304
517	200	476156394	725577728	650973184	541625216	17206304
518	200	156414611	725577728	650973184	548570760	17206304
519	200	159875933	725577728	650973184	555679904	17206304
520	200	165452763	725577728	650973184	562622584	17206304
521	200	165732228	725577728	650973184	569688784	17206304
522	200	163378188	725577728	650973184	560443584	17206304
523	200	163161516	725950464	650973184	567495376	17206304
524	200	166634644	725950464	650973184	574529768	17206304
525	200	163539835	725950464	650973184	581581024	17206304
526	200	557146597	725950464	650973184	588634576	17206304
527	200	165615798	725950464	650973184	595582312	17206304
528	200	163311735	725950464	650973184	602571160	17206304
529	200	168738411	725950464	650973184	593326608	17206304
530	200	163641534	727199744	652283904	600380984	17206304
531	200	167315376	729272320	654381056	607390672	17206304
532	200	162869310	731451392	657002496	614485360	17206304
533	200	160883933	733814784	659361792	621607752	17206304
534	200	164307324	736256000	661721088	628649744	17206304
535	200	217211920	747257856	673521664	627866720	17206304
536	200	169963430	749649920	675356672	634946040	17206304
537	200	163218207	752087040	677978112	641995184	17206304
538	200	164848116	754524160	680075264	649133536	17206304
539	200	164844530	757071872	682696704	656207584	17206304
540	200	166710369	761499648	686891008	663324992	17206304
541	200	166467799	766148608	692396032	654048640	17206304
542	200	162913574	770588672	696590336	661121744	17206304
543	200	166610057	775180288	700784640	668194296	17206304
544	200	218445215	788058112	713633792	683686328	17206304
545	200	164118239	792563712	717828096	690794880	17206304
546	200	162560483	796979200	721760256	697874064	17206304
547	200	320736911	771260416	694222848	220171096	17206304
548	200	178987931	771284992	694222848	226973776	17198112
549	200	157437394	771284992	694222848	233809104	17198112
550	200	162163378	771289088	694222848	240642928	17198112
551	200	161339572	771289088	694222848	247564352	17198112
552	200	208754949	779681792	702615552	246446208	17198112
553	200	175989584	779681792	702615552	253309912	17198112
554	200	162439262	779681792	702615552	260171120	17198112
555	200	161932522	779681792	702615552	267027328	17198112
556	200	163685132	779681792	702615552	273885000	17198112
557	200	162635668	779681792	702615552	280741888	17198112
558	200	161363652	779685888	702615552	271206352	17198112
559	200	160401695	779698176	702615552	278131824	17198112
560	200	160497100	779698176	702615552	285055632	17198112
561	200	220103014	788090880	711008256	300298704	17198112
562	200	165591617	788090880	711008256	307226536	17198112
563	200	163704211	788090880	711008256	314144840	17198112
564	200	156135956	788090880	711008256	320995480	17198112
565	200	161405442	788090880	711008256	311457400	17198112
566	200	159313819	788090880	711008256	318318696	17198112
567	200	157663602	788090880	711008256	325242568	17198112
568	200	157217272	788090880	711008256	332088248	17198112
569	200	223104826	796483584	719400960	347394520	17198112
570	200	168221373	796483584	719400960	354251824	17198112
571	200	163048616	796483584	719400960	344694760	17198112
572	200	156263554	796483584	719400960	351623528	17198112
573	200	156859463	796483584	719400960	358460448	17198112
574	200	163206587	796483584	719400960	365380968	17198112
575	200	162427679	796483584	719400960	372304544	17198112
576	200	168056984	796483584	719400960	379141288	17198112
577	200	158337881	796487680	719400960	386012056	17198112
578	200	221406857	804880384	727793664	384863080	17198112
579	200	162676890	804892672	727793664	391761064	17198112
580	200	157188924	804896768	727793664	398749560	17198112
581	200	161882226	804896768	727793664	405669960	17198112
582	200	155779742	804896768	727793664	412518208	17198112
583	200	165565474	804896768	727793664	419432776	17198112
584	200	164750897	804896768	727793664	426264184	17198112
585	200	160098111	804896768	727793664	416766280	17198112
586	200	224342321	813289472	736186368	432001496	17198112
587	200	158559733	813289472	736186368	438900096	17206304
588	200	160064625	813289472	736186368	445786216	17206304
589	200	156998413	813289472	736186368	452754688	17206304
590	200	162964802	813289472	736186368	459604680	17206304
591	200	163564838	813289472	736186368	450104568	17206304
592	200	157852718	813289472	736186368	456956408	17206304
593	200	213074043	821682176	744579072	472264424	17206304
594	200	170636156	821682176	744579072	479095376	17206304
595	200	164335083	821682176	744579072	485971480	17206304
596	200	163140580	821682176	744579072	492829216	17206304
597	200	160271044	821682176	744579072	499764832	17206304
598	200	165531598	821682176	744579072	490297192	17206304
599	200	161516158	821694464	744579072	497123784	17206304
600	200	163928622	821698560	744579072	503977192	17206304
601	200	222619208	830091264	752971776	519288448	17206304
602	200	171802612	830091264	752971776	526228728	17206304
603	200	162814176	830091264	752971776	533087984	17206304
604	200	166196448	830091264	752971776	523728432	17206304
605	200	160757502	830091264	752971776	530562312	17206304
606	200	163118602	830091264	752971776	537472184	17206304
607	200	161318107	830091264	752971776	544346392	17206304
608	200	190464692	830091264	752971776	551217888	17206304
609	200	228058674	838483968	761364480	566509496	17206304
610	200	159588986	838483968	761364480	573342584	17206304
611	200	167067467	838483968	761364480	563882152	17206304
612	200	158916141	838483968	761364480	570814408	17206304
613	200	164919580	838483968	761364480	577701416	17206304
614	200	158239540	838483968	761364480	584630856	17206304
615	200	156967088	838483968	761364480	591456968	17206304
616	200	219618383	846876672	769757184	606773040	17206304
617	200	168745437	846876672	769757184	597353192	17206304
618	200	156846959	846876672	769757184	604180864	17206304
619	200	164738371	846876672	769757184	611077440	17206304
620	200	166665941	846876672	769757184	617897496	17206304
621	200	163026836	846876672	769757184	624823168	17206304
622	200	161387272	846876672	769757184	631750144	17206304
623	200	161020850	846876672	769757184	638617008	17206304
624	200	227609263	855269376	778149888	637512304	17206304
625	200	162522104	855269376	778149888	644318992	17206304
626	200	163218427	855269376	778149888	651181088	17206304
627	200	160779390	855269376	778149888	658041200	17206304
628	200	159124323	855269376	778149888	664977736	17206304
629	200	162897150	855269376	778149888	671961352	17206304
630	200	163276207	855269376	778149888	678891232	17206304
631	200	224545410	863662080	786542592	677700248	17206304
632	200	159501937	863739904	786542592	684616472	17206304
633	200	161777729	863739904	786542592	691531064	17206304
634	200	162699162	863739904	786542592	698424264	17206304
635	200	161993238	863739904	786542592	705348248	17206304
636	200	165218462	863739904	786542592	712165736	17206304
637	200	165376724	863739904	786542592	702621472	17206304
638	200	221923724	872132608	794935296	717836912	17206304
639	200	164637279	872132608	794935296	724724480	17206304
640	200	159079787	872132608	794935296	731717376	17206304
641	200	161578714	872132608	794935296	738651104	17206304
642	200	163754491	872132608	794935296	745492968	17206304
643	200	159201315	872132608	794935296	752324416	17206304
644	200	169305442	873635840	796508160	742842024	17206304
645	200	230439189	884178944	806998016	758105016	17206304
646	200	167865325	886276096	809095168	764939384	17206304
647	200	164351672	888360960	811192320	771878424	17206304
648	200	164235062	890454016	813289472	778867968	17206304
649	200	165357017	892538880	815386624	785705800	17206304
650	200	173432518	894857216	818794496	776256824	17206304
651	200	163736394	897249280	820891648	783223984	17206304
652	200	227020131	908849152	832692224	798499672	17206304
653	200	180613442	915341312	838725632	807445072	17206304
654	200	162677657	919756800	842919936	814387296	17206304
655	200	166191058	924168192	847114240	821340456	17206304
656	200	192250990	935944192	858664960	835592512	17206304
657	200	167854879	940482560	864169984	826160296	17206304
658	200	166158499	944918528	868364288	833093400	17206304
659	200	230850392	957693952	880951296	848425984	17206304
660	200	167593275	962093056	885145600	855355960	17206304
661	200	167681723	966496256	889339904	862214152	17206304
662	200	223215716	974045184	894320640	869098704	17206304
663	200	297813493	841891840	762904576	255596592	17198112
664	200	166614265	841891840	762904576	262508128	17198112
665	200	162257479	841891840	762904576	269386368	17198112
666	200	225542169	850337792	771297280	284690008	17198112
667	200	161539937	850337792	771297280	291596784	17198112
668	200	162477419	850337792	771297280	282162792	17198112
669	200	169294709	850337792	771297280	289034440	17198112
670	200	160334525	850337792	771297280	295919584	17198112
671	200	160265607	850337792	771297280	302840568	17198112
672	200	223731141	858767360	779689984	318074992	17198112
673	200	165053458	858767360	779689984	324929224	17198112
674	200	161221381	858767360	779689984	331871968	17198112
675	200	167491940	858767360	779689984	322320472	17198112
676	200	161217382	858767360	779689984	329172384	17198112
677	200	163476059	858767360	779689984	335999440	17198112
678	200	157825805	858767360	779689984	342895232	17198112
679	200	225521927	867160064	788082688	358194336	17198112
680	200	164721284	867160064	788082688	365048512	17198112
681	200	157103206	867160064	788082688	371919960	17198112
682	200	161334665	867176448	788082688	362350216	17198112
683	200	157228723	867176448	788082688	369207624	17198112
684	200	234237399	883957760	804864000	392900728	17198112
685	200	159681444	883957760	804864000	399751944	17198112
686	200	157982071	883957760	804864000	406666168	17198112
687	200	164872881	883957760	804864000	413529696	17198112
688	200	162708238	883957760	804864000	403973200	17198112
689	200	164813589	883957760	804864000	410820096	17198112
690	200	162162759	884023296	804864000	417745312	17198112
691	200	162109154	884027392	804864000	424571616	17198112
692	200	157366949	884027392	804864000	431491368	17198112
693	200	169538200	884027392	804864000	438353472	17198112
694	200	162408560	884027392	804864000	445209344	17198112
695	200	170977095	884027392	804864000	435654160	17198112
696	200	484733645	884027392	804864000	442566416	17198112
697	200	164332086	884027392	804864000	449435264	17198112
698	200	158637809	884027392	804864000	456292104	17198112
699	200	158558648	884027392	804864000	463118504	17198112
700	200	167608503	884027392	804864000	469972936	17198112
701	200	163136550	884027392	804864000	476816032	17198112
702	200	164232454	884027392	804864000	467325040	17198112
703	200	159269572	884027392	804864000	474182344	17198112
704	200	160378811	884027392	804864000	481040632	17198112
705	200	161783259	884027392	804864000	487915272	17198112
706	200	158484553	884027392	804864000	494788008	17198112
707	200	167303249	884027392	804864000	501624176	17198112
708	200	475826800	884027392	804864000	492089008	17198112
709	200	178137924	884027392	804864000	499077328	17198112
710	200	163284620	884027392	804864000	505986440	17198112
711	200	158845529	884027392	804864000	512865616	17198112
712	200	162325301	884027392	804864000	519790384	17198112
713	200	159436380	884027392	804864000	526650840	17198112
714	200	159023029	884027392	804864000	533516712	17198112
715	200	166371381	884027392	804864000	523962240	17206304
716	200	162039223	884027392	804864000	530856624	17206304
717	200	166164952	884027392	804864000	537765520	17206304
718	200	159585488	884027392	804864000	544647472	17206304
719	200	163619146	884027392	804864000	551584040	17206304
720	200	167104541	884027392	804864000	558424512	17206304
721	200	505903737	884027392	804864000	548940608	17206304
722	200	176336485	884027392	804864000	555851880	17206304
723	200	164323916	884027392	804864000	562673832	17206304
724	200	157671386	884027392	804864000	569524824	17206304
725	200	163698363	884027392	804864000	576451656	17206304
726	200	157461181	884027392	804864000	583318576	17206304
727	200	158918176	884027392	804864000	590183552	17206304
728	200	165017941	884027392	804864000	580641152	17206304
729	200	160346645	884027392	804864000	587579360	17206304
730	200	158337097	884027392	804864000	594451968	17206304
731	200	164777872	884027392	804864000	601308936	17206304
732	200	159754345	884027392	804864000	608139496	17206304
733	200	162131465	884027392	804864000	615057352	17206304
734	200	158243377	884027392	804864000	621940976	17206304
735	200	542121398	884027392	804864000	612525088	17206304
736	200	158588091	884027392	804864000	619340744	17206304
737	200	162376622	884027392	804864000	626201112	17206304
738	200	161447713	884027392	804864000	633065024	17206304
739	200	162035315	884027392	804864000	639917464	17206304
740	200	161247914	884027392	804864000	646831760	17206304
741	200	168444860	884027392	804864000	637314216	17206304
742	200	166404039	884027392	804864000	644256888	17206304
743	200	158688067	884027392	804864000	651179792	17206304
744	200	157233322	884027392	804864000	658033176	17206304
745	200	157553672	884027392	804864000	664950888	17206304
746	200	167106032	884027392	804864000	671793984	17206304
747	200	162897395	884027392	804864000	678667184	17206304
748	200	543188602	884027392	804864000	669166912	17206304
749	200	161222672	884027392	804864000	676063416	17206304
750	200	159403493	884027392	804864000	683043496	17206304
751	200	164302956	884027392	804864000	689900936	17206304
752	200	159790375	884027392	804864000	696751264	17206304
753	200	163574716	884183040	804864000	703658896	17206304
754	200	166595521	884183040	804864000	694077136	17206304
755	200	168763371	884183040	804864000	700980640	17206304
756	200	163025158	884183040	804864000	707892752	17206304
757	200	163884083	884183040	804864000	714786472	17206304
758	200	163180992	884183040	804864000	721631152	17206304
759	200	160888526	884183040	804864000	728486264	17206304
760	200	162368382	884183040	804864000	735364496	17206304
761	200	536795142	884183040	804864000	725887112	17206304
762	200	172859315	884183040	804864000	732720440	17206304
763	200	159633981	884183040	804864000	739662624	17206304
764	200	160572005	884183040	804864000	746601624	17206304
765	200	164781917	884301824	805126144	753535424	17206304
766	200	168410716	886370304	807223296	760364600	17206304
767	200	167329522	888438784	809320448	750887064	17206304
768	200	162888738	890507264	811417600	757887608	17206304
769	200	166888914	892588032	813514752	764741040	17206304
770	200	163048716	894664704	815349760	771640392	17206304
771	200	163531017	896966656	817971200	778578584	17206304
772	200	178882385	899362816	820330496	785570648	17206304
773	200	177793337	901734400	822689792	792599976	17206304
774	200	172666872	904302592	826097664	783221984	17206304
775	200	537734817	906690560	828194816	790158560	17206304
776	200	178516131	909074432	830554112	797146416	17206304
777	200	164593443	912871424	834224128	804073616	17206304
778	200	163146835	917262336	838418432	810997968	17206304
779	200	166496202	921677824	842612736	817852752	17206304
780	200	170175278	926281728	848117760	808391648	17206304
781	200	167271808	930668544	852049920	815317968	17206304
782	200	171334273	935047168	856506368	822250104	17206304
783	200	168208915	939479040	860700672	829100976	17206304
784	200	164681300	943890432	864894976	836025992	17206304
785	200	170630712	948281344	869089280	843019624	17206304
786	200	167333628	952672256	873283584	849953512	17206304
787	200	169751237	957284352	878526464	840347824	17206304
788	200	164354726	961671168	882720768	847288528	17206304
789	200	555792169	966098944	887177216	854222624	17206304
790	200	169979329	970485760	891371520	861097512	17206304
791	200	162395177	974921728	895565824	867971248	17206304
792	200	164185910	979439616	900022272	874849760	17206304
793	200	172995266	984014848	905003008	865352976	17206304
794	200	164694829	988450816	909459456	872274960	17206304
795	200	161374171	992862208	913653760	879195744	17206304
796	200	161174380	997269504	917848064	886097064	17206304
797	200	162054507	1001668608	922042368	892962784	17206304
798	200	167392135	1006059520	926498816	899811856	17206304
799	200	167180496	1010429952	930430976	906740888	17206304
800	200	170082567	1015009280	935936000	897363128	17206304
801	200	180688982	1019502592	939868160	904292088	17206304
802	200	161838167	1023897600	944324608	911167672	17206304
803	200	172898148	1028300800	948518912	918116936	17206304
804	200	585497240	1032687616	952451072	925028784	17206304
805	200	166073821	1037201408	957169664	932024224	17206304
806	200	170459717	1041747968	961888256	922642600	17206304
807	200	167180723	1046167552	966344704	929594880	17206304
808	200	164373820	1050615808	970801152	936582296	17206304
809	200	174392128	1055051776	974733312	943531016	17206304
810	200	175739386	1059442688	979189760	950493648	17206304
811	200	166054357	1063907328	983121920	957446992	17206304
812	200	169427965	1068326912	987578368	964378920	17206304
813	200	173085565	1072971776	993083392	954967696	17206304
814	200	165187768	1077366784	996753408	961860832	17206304
815	200	167649948	1081786368	1001209856	968787656	17206304
816	200	168377857	1086156800	1005142016	975797160	17206304
817	200	168783831	1090572288	1009860608	982729544	17206304
818	200	641510928	1094987776	1013792768	989670688	17206304
819	200	178043357	1099603968	1019297792	980294208	17206304
820	200	167767200	1104023552	1023492096	987276752	17206304
821	200	166196006	1108471808	1027686400	994267520	17206304
822	200	408945855	1079083008	995688448	299867200	17198112
823	200	173488465	1079156736	995688448	306701352	17198112
824	200	160804792	1079164928	995688448	313540792	17198112
825	200	163961034	1079169024	995688448	320457440	17198112
826	200	171165367	1079177216	995688448	327371776	17198112
827	200	162237968	1079181312	995688448	334228104	17198112
828	200	166962304	1079189504	995688448	341090736	17198112
829	200	175660831	1079189504	995688448	331521856	17198112
830	200	162771604	1079189504	995688448	338359416	17198112
831	200	164127969	1079189504	995688448	345205784	17198112
832	200	165471148	1079189504	995688448	352114400	17198112
833	200	648760312	1079189504	995688448	359032560	17198112
834	200	161606743	1079189504	995688448	365895976	17198112
835	200	167420041	1079189504	995688448	356314248	17198112
836	200	165292662	1079209984	995688448	363228192	17198112
837	200	163849507	1079209984	995688448	370141968	17198112
838	200	163268604	1079209984	995688448	377012272	17206304
839	200	165170807	1079209984	995688448	383876184	17206304
840	200	169418759	1079209984	995688448	390737952	17206304
841	200	167387805	1079209984	995688448	397640056	17206304
842	200	169251595	1079209984	995688448	388208376	17206304
843	200	169637478	1079226368	995688448	395066000	17206304
844	200	166184080	1079226368	995688448	401996800	17206304
845	200	166100475	1079226368	995688448	408935192	17206304
846	200	162052033	1079226368	995688448	415869184	17206304
847	200	162543562	1079226368	995688448	422841624	17206304
848	200	690105886	1079226368	995688448	413400792	17206304
849	200	164507245	1079226368	995688448	420275208	17206304
850	200	166281370	1079226368	995688448	427191840	17206304
851	200	163991803	1079226368	995688448	434120416	17206304
852	200	167617297	1079226368	995688448	440984576	17206304
853	200	162383472	1079226368	995688448	447808112	17206304
854	200	162488808	1079226368	995688448	454723456	17206304
855	200	167484563	1079226368	995688448	445352488	17206304
856	200	164626859	1079226368	995688448	452206880	17206304
857	200	163452569	1079226368	995688448	459146624	17206304
858	200	165779908	1079226368	995688448	466078256	17206304
859	200	166438412	1079226368	995688448	472913272	17206304
860	200	164571112	1079226368	995688448	479711752	17206304
861	200	173748938	1079226368	995688448	470137040	17206304
862	200	169925939	1079226368	995688448	477050696	17206304
863	200	694985389	1079226368	995688448	484034232	17206304
864	200	166195837	1079226368	995688448	490921280	17206304
865	200	167571735	1079226368	995688448	497760312	17206304
866	200	163249975	1079226368	995688448	504666032	17206304
867	200	164679559	1079226368	995688448	511597344	17206304
868	200	168301110	1079226368	995688448	502087664	17206304
869	200	164407116	1079226368	995688448	508946888	17206304
870	200	166394852	1079226368	995688448	515803928	17206304
871	200	163802882	1079226368	995688448	522659848	17206304
872	200	169725659	1079226368	995688448	529515664	17206304
873	200	166146047	1079226368	995688448	536436600	17206304
874	200	193147202	1083428864	999890944	531055240	17206304
875	200	168566239	1083428864	999890944	537936728	17206304
876	200	164416689	1083428864	999890944	544838672	17206304
877	200	163491559	1083428864	999890944	551768960	17206304
878	200	162385277	1083428864	999890944	558622576	17206304
879	200	730059729	1083428864	999890944	565482688	17206304
880	200	163456513	1083428864	999890944	572340280	17206304
881	200	169214780	1083428864	999890944	562858872	17206304
882	200	162710313	1083428864	999890944	569781488	17206304
883	200	159178777	1083428864	999890944	576642584	17206304
884	200	159679035	1083428864	999890944	583573488	17206304
885	200	160429416	1083428864	999890944	590515856	17206304
886	200	164194290	1083428864	999890944	597433720	17206304
887	200	159755536	1083428864	999890944	604354928	17206304
888	200	161651669	1083428864	999890944	594783248	17206304
889	200	166199909	1083432960	999890944	601677040	17206304
890	200	161370400	1083432960	999890944	608596320	17206304
891	200	164800600	1083432960	999890944	615467616	17206304
892	200	173226134	1083432960	999890944	622331232	17206304
893	200	168684287	1083432960	999890944	629249624	17206304
894	200	765241783	1083432960	999890944	619794920	17206304
895	200	177943873	1083432960	999890944	626743576	17206304
896	200	165561254	1083432960	999890944	633687456	17206304
897	200	163912012	1083432960	999890944	640596416	17206304
898	200	161461791	1083432960	999890944	647525664	17206304
899	200	164420582	1083432960	999890944	654377416	17206304
900	200	163744334	1083432960	999890944	661250616	17206304
901	200	175454523	1083432960	999890944	651770432	17206304
902	200	168266615	1083437056	999890944	658761096	17206304
903	200	165335680	1083437056	999890944	665740440	17206304
904	200	169729592	1083437056	999890944	672678000	17206304
905	200	159415513	1083437056	999890944	679573952	17206304
906	200	165071783	1083437056	999890944	686495272	17206304
907	200	170230356	1083437056	999890944	677005328	17206304
908	200	163450580	1083437056	999890944	683872064	17206304
909	200	159466380	1083437056	999890944	690715912	17206304
910	200	172369557	1083437056	999890944	697636232	17206304
911	200	781611807	1083437056	999890944	704518960	17206304
912	200	159956232	1083437056	999890944	711374248	17206304
913	200	161816621	1083437056	999890944	718299808	17206304
914	200	166451172	1083437056	999890944	708949088	17206304
915	200	164578631	1083437056	999890944	715878096	17206304
916	200	176919250	1083437056	999890944	722728680	17206304
917	200	167248205	1083437056	999890944	729664992	17206304
918	200	168552048	1083437056	999890944	736659104	17206304
919	200	161755375	1083437056	999890944	743596128	17206304
920	200	179340125	1083437056	999890944	734088328	17206304
921	200	176382605	1083437056	999890944	741027432	17206304
922	200	164477747	1083437056	999890944	748023992	17206304
923	200	164454684	1083437056	999890944	754936264	17206304
924	200	168915284	1083437056	999890944	761857816	17206304
925	200	165113239	1083437056	999890944	768779560	17206304
926	200	161284715	1083437056	999890944	775666248	17206304
927	200	797728173	1083437056	999890944	766249424	17206304
928	200	168113354	1083437056	999890944	773100640	17206304
929	200	168629230	1083437056	999890944	780029144	17206304
930	200	160701142	1083437056	999890944	786936840	17206304
931	200	161017057	1083437056	999890944	793846176	17206304
932	200	159803122	1083437056	999890944	800832216	17206304
933	200	167280896	1083437056	999890944	791277664	17206304
934	200	165297110	1083437056	999890944	798134344	17206304
935	200	165528012	1083437056	999890944	805017048	17206304
936	200	158693484	1083437056	999890944	811937848	17206304
937	200	164161814	1083437056	999890944	818790136	17206304
938	200	167547868	1083437056	999890944	825651504	17206304
939	200	162391696	1083437056	999890944	832506192	17206304
940	200	170346112	1083437056	999890944	823084504	17206304
941	200	170111852	1083437056	999890944	829920416	17206304
942	200	162588758	1083437056	999890944	836820320	17206304
943	200	163723537	1083437056	999890944	843662840	17206304
944	200	804203336	1083437056	999890944	850644576	17206304
945	200	163812398	1083437056	999890944	857519040	17206304
946	200	162864298	1083437056	999890944	847936256	17206304
947	200	161499199	1083437056	999890944	854810200	17206304
948	200	163744385	1083437056	999890944	861663584	17206304
949	200	168717487	1083437056	999890944	868525624	17206304
950	200	162521530	1083437056	999890944	875459632	17206304
951	200	163657343	1083437056	999890944	882407800	17214496
952	200	166910112	1083437056	999890944	889320336	17214496
953	200	173680818	1083437056	999890944	879758104	17214496
954	200	169325771	1083437056	999890944	886741168	17214496
955	200	167832566	1083437056	999890944	893712888	17214496
956	200	162628638	1083437056	999890944	900572560	17214496
957	200	160780051	1083437056	999890944	907499480	17214496
958	200	167934580	1083437056	999890944	914407512	17214496
959	200	169080366	1083437056	999890944	904917880	17214496
960	200	168935519	1083437056	999890944	911828384	17214496
961	200	822147943	1083437056	999890944	918733944	17214496
962	200	168463860	1083437056	999890944	925590488	17214496
963	200	169179509	1083437056	999890944	932517416	17214496
964	200	169139065	1084002304	1000677376	939365232	17214496
965	200	171030541	1086070784	1002774528	946244424	17214496
966	200	174703240	1088159744	1004609536	936698928	17214496
967	200	175522164	1090248704	1006706688	943602424	17214496
968	200	171268083	1092317184	1008803840	950493512	17214496
969	200	168438654	1094406144	1010900992	957432064	17214496
970	200	165449798	1096523776	1012998144	964334320	17214496
971	200	166824697	1098625024	1015095296	971140040	17214496
972	200	171152214	1100894208	1018503168	961607576	17214496
973	200	166450460	1103298560	1020600320	968532008	17214496
974	200	172778391	1105682432	1022959616	975423920	17214496
975	200	166124391	1108070400	1025056768	982426816	17214496
976	200	165932940	1110458368	1027416064	989373000	17214496
977	200	164311344	1112834048	1029513216	996232232	17214496
978	200	934736993	1115217920	1031872512	1003147280	17214496
979	200	172599916	1117765632	1035018240	993696472	17214496
980	200	166760653	1120313344	1037639680	1000557040	17214496
981	200	172526860	1124753408	1042096128	1007459416	17214496
982	200	166418080	1129136128	1046028288	1014473680	17214496
983	200	169514039	1133551616	1050484736	1021327832	17214496
984	200	168840823	1137946624	1054416896	1028277760	17214496
985	200	173300016	1142620160	1059921920	1018817168	17214496
986	200	169837142	1147011072	1064116224	1025652128	17214496
987	200	172515357	1151447040	1068310528	1032519616	17214496
988	200	164565739	1155858432	1072766976	1039446576	17214496
989	200	165276462	1160257536	1076699136	1046310312	17214496
990	200	164100661	1164742656	1080893440	1053153472	17214496
991	200	166439662	1169133568	1085349888	1060147288	17214496
992	200	171594634	1173757952	1090330624	1050615584	17214496
993	200	172099165	1178189824	1094787072	1057473400	17214496
994	200	170259793	1182584832	1099243520	1064357920	17214496
995	200	180951922	1186947072	1103175680	1071254264	17214496
996	200	952025714	1191391232	1107369984	1078218704	17214496
997	200	172934208	1195773952	1111564288	1085137832	17214496
998	200	167863577	1200197632	1115758592	1092001120	17214496
999	200	286591503	1263591424	1179987968	1141270720	17214496
1000	200	173237044	1268035584	1184182272	1148237152	17214496
1001	15	11518535	1268305920	1184444416	1150960296	17214496
