block	steps	btime	rss	heapTotal	heapUsed	external
1	200	221072745	143949824	75325440	55301088	17210676
2	200	206487267	147767296	80306176	46745224	17210708
3	200	204386070	152014848	83976192	54429144	17210708
4	200	196038875	156139520	87908352	61516224	17210708
5	200	174512665	160362496	91054080	68596264	17210708
6	200	180777348	164532224	95248384	75474192	17210708
7	200	184244767	169558016	101281792	66280840	17210708
8	200	169815980	173940736	104951808	73102080	17210708
9	200	171607896	178061312	108621824	79921552	17210708
10	200	170096038	182177792	112291840	86736272	17210708
11	200	169685200	186400768	116748288	93607104	17210708
12	200	176704393	190500864	120942592	100437784	17210708
13	200	177139726	194625536	125399040	90609624	17210708
14	200	167477405	198832128	129593344	97414568	17210708
15	200	178520933	202948608	133001216	104180080	17210708
16	200	167924142	207028224	136409088	110873272	17210708
17	200	171904086	211222528	141389824	117688272	17210708
18	200	180146951	215306240	145059840	124387608	17210708
19	200	177205550	219664384	149516288	114606736	17210708
20	200	170527767	223739904	153710592	121327784	17210708
21	200	187767201	224714752	153391104	43065456	17198096
22	200	175821374	224788480	153391104	49983240	17198096
23	200	169693780	224854016	153391104	56899288	17198096
24	200	173822301	224927744	153391104	63827936	17198096
25	200	171898407	226115584	154447872	71772192	17198096
26	200	168750136	227434496	155504640	63108680	17198096
27	200	156121757	228712448	156561408	71088408	17198096
28	200	163278856	229994496	157618176	79205656	17198096
29	200	173821597	231632896	159199232	87709248	17198096
30	200	183364027	231718912	159199232	94649824	17198096
31	200	159697971	231780352	159199232	101547056	17198096
32	200	173509550	231849984	159199232	91818624	17198096
33	200	158079330	232067072	159199232	98794880	17198096
34	200	183357237	213774336	140808192	52993672	17198096
35	200	162473876	213843968	140808192	59960648	17198096
36	200	171676692	213909504	140808192	50345032	17198096
37	200	161908076	213970944	140808192	57323552	17198096
38	200	173664963	214048768	140808192	64290544	17198096
39	200	181117640	214114304	140808192	71215576	17198096
40	200	176466699	214171648	140808192	78093328	17198096
41	200	172792901	214761472	141594624	85362912	17198096
42	200	171088082	214958080	141594624	75781584	17198096
43	200	163313362	215031808	141594624	82586408	17198096
44	200	186155614	215101440	141594624	89378616	17198096
45	200	165912402	215175168	141594624	96280680	17198096
46	200	175587650	215425024	141594624	103130968	17198096
47	200	188591012	215822336	142118912	109971192	17198096
48	200	195039406	217956352	144740352	100275912	17198096
49	200	192672615	220028928	146837504	107124912	17198096
50	200	174405645	222089216	148410368	113901136	17198096
51	200	155515972	224174080	150507520	120743664	17198096
52	200	170314716	226230272	152342528	127536424	17198096
53	200	185170006	226865152	153128960	59682296	17198096
54	200	184359270	226922496	153128960	51285648	17198096
55	200	158979808	227262464	153399296	59211672	17198096
56	200	177322461	227328000	153399296	66871880	17198096
57	200	170962212	227385344	153399296	74527384	17198096
58	200	170246085	227459072	153399296	82210680	17198096
59	200	184174344	227524608	153399296	73712640	17198096
60	200	174288425	227577856	153399296	81392192	17198096
61	200	167848027	227635200	153399296	89080632	17198096
62	200	156629333	227700736	153399296	96765112	17198096
63	200	168212362	227758080	153399296	104373976	17198096
64	200	165384232	228876288	154451968	96884056	17198096
65	200	158865730	230047744	155504640	105551568	17198096
66	200	155438320	231170048	156557312	114251744	17198096
67	200	177698299	233832448	158662656	124039880	17198096
68	200	166611965	235581440	160239616	132766552	17198096
69	200	175318585	239341568	164700160	125269568	17198096
70	200	170315550	242835456	168112128	133896184	17198096
71	200	169799554	246349824	171524096	142538208	17206288
72	200	163224420	249847808	174673920	151182736	17206288
73	200	205649402	241500160	165986304	50027840	17198096
74	200	165206663	241565696	165986304	56843696	17198096
75	200	173104903	241623040	165986304	63723776	17198096
76	200	165130053	241692672	165986304	70576616	17198096
77	200	179739875	241754112	165986304	77458464	17198096
78	200	166753244	241819648	165986304	84277960	17198096
79	200	187093374	241889280	165986304	74560064	17198096
80	200	184890203	241938432	165986304	81408120	17198096
81	200	158954860	241991680	165986304	88219384	17198096
82	200	203548063	242995200	166920192	96015264	17198096
83	200	176459638	243056640	166920192	102868920	17198096
84	200	218209683	243118080	166920192	109751256	17198096
85	200	208914851	243175424	166920192	99984584	17198096
86	200	201422708	243236864	166920192	106792248	17198096
87	200	168710966	243306496	166920192	113596840	17198096
88	200	179843473	243367936	166920192	120459512	17198096
89	200	149498278	243429376	166920192	127324360	17198096
90	200	184598949	243478528	166920192	134146792	17198096
91	200	193393734	243531776	166920192	124498792	17198096
92	200	161954494	243601408	166920192	131358264	17198096
93	200	189153205	245755904	169017344	138167288	17198096
94	200	158997178	247808000	170852352	145020512	17198096
95	200	173844705	249868288	172949504	151840944	17198096
96	200	155281448	253526016	177930240	142010832	17198096
97	200	168779308	257581056	181338112	148810256	17198096
98	200	182026824	261652480	185270272	155686568	17198096
99	200	183757275	265707520	188940288	162446272	17198096
100	200	170503952	269762560	193134592	169249064	17198096
101	200	225681469	273870848	197066752	176178128	17198096
102	200	214029937	278003712	201523200	166476368	17198096
103	200	198461710	282075136	205979648	173370048	17198096
104	200	201721145	283492352	205975552	65768368	17198096
105	200	193884517	283553792	205975552	56008760	17198096
106	200	151855324	283619328	205975552	62861560	17198096
107	200	191333647	283688960	205975552	69702088	17198096
108	200	157737662	283754496	205975552	76574608	17198096
109	200	206675394	283815936	205975552	83414096	17198096
110	200	167029173	284405760	206508032	90798920	17198096
111	200	198802902	284479488	206508032	81072976	17198096
112	200	166118941	284549120	206508032	87917376	17198096
113	200	161849477	284610560	206508032	94831104	17198096
114	200	172330042	284676096	206508032	101690272	17198096
115	200	154344796	284745728	206508032	108536432	17198096
116	200	185173620	284815360	206508032	98822928	17198096
117	200	160582884	284880896	206508032	105659456	17198096
118	200	176086379	284950528	206508032	112497440	17198096
119	200	175391046	285016064	206508032	119335752	17198096
120	200	158387538	285069312	206508032	126172208	17198096
121	200	179260855	285151232	206508032	133028888	17198096
122	200	180231584	285224960	206508032	123249360	17198096
123	200	201037204	285286400	206508032	130078464	17198096
124	200	165360366	285347840	206508032	136937016	17198096
125	200	197369289	285413376	206508032	143819616	17198096
126	200	158395200	285483008	206508032	150677008	17198096
127	200	161788623	285544448	206508032	157505464	17198096
128	200	188223098	285614080	206508032	147810752	17198096
129	200	160085647	285679616	206508032	154653440	17198096
130	200	161076722	287838208	208609280	163604080	17198096
131	200	175606065	288034816	208609280	170441904	17198096
132	200	173596836	290201600	210710528	179403576	17198096
133	200	165530598	290279424	210710528	186286856	17198096
134	200	172195600	293216256	214908928	178603168	17198096
135	200	155044129	295518208	216743936	185489128	17198096
136	200	150198272	299593728	220938240	192313880	17198096
137	200	177946528	305754112	226709504	201229176	17198096
138	200	197053063	300584960	220917760	62114464	17198096
139	200	175988114	302804992	223019008	71027240	17198096
140	200	165721206	302858240	223019008	77900872	17198096
141	200	184674946	305025024	225120256	70337064	17198096
142	200	159944862	305082368	225120256	77180784	17198096
143	200	175155637	307249152	227221504	86133904	17198096
144	200	161999714	307322880	227221504	93019600	17198096
145	200	163752183	309555200	229322752	102027184	17198096
146	200	148071241	309620736	229322752	108899072	17198096
147	200	163006378	311898112	231424000	101339448	17198096
148	200	162363033	311967744	231424000	108205112	17198096
149	200	204882395	314130432	233525248	117162072	17198096
150	200	186040997	316280832	235626496	126120592	17198096
151	200	183221712	316338176	235626496	132978432	17198096
152	200	196268029	318521344	237727744	141936184	17198096
153	200	162705276	318586880	237727744	132233304	17198096
154	200	165353299	320749568	239828992	141187048	17198096
155	200	173093710	320819200	239828992	148046640	17198096
156	200	166246180	322990080	241930240	157050136	17198096
157	200	158754039	323055616	241930240	163933288	17198096
158	200	180163959	325218304	244031488	172869512	17198096
159	200	174014042	327389184	246132736	165284928	17198096
160	200	178260849	332177408	250859520	176865376	17198096
161	200	167079908	332234752	250859520	183741992	17198096
162	200	160759203	332312576	250859520	190599200	17198096
163	200	215912107	332374016	250859520	197458208	17198096
164	200	157372835	334290944	252710912	206187960	17198096
165	200	153305970	334356480	252710912	196485264	17198096
166	200	192142316	334422016	252710912	203393344	17198096
167	200	173935935	334733312	252710912	210328728	17198096
168	200	164596165	334798848	252710912	217223072	17198096
169	200	221468309	334860288	252710912	224132080	17198096
170	200	199354144	306139136	223932416	69042344	17198096
171	200	160341722	306188288	223932416	75906080	17198096
172	200	161811637	306249728	223932416	82838248	17198096
173	200	215356897	306315264	223932416	89733424	17198096
174	200	148823422	306380800	223932416	80122512	17198096
175	200	154737397	306442240	223932416	87038328	17198096
176	200	215849330	306515968	223932416	93944400	17198096
177	200	148013962	306585600	223932416	100821000	17198096
178	200	156779922	306651136	223932416	107737576	17198096
179	200	212237360	306716672	223932416	98100432	17198096
180	200	147235104	306769920	223932416	104994872	17198096
181	200	169262615	306831360	223932416	111868320	17198096
182	200	166171783	306888704	223932416	118729856	17198096
183	200	279047459	306962432	223932416	125673560	17198096
184	200	181159484	307036160	223932416	132591808	17198096
185	200	178976246	307101696	223932416	122902400	17198096
186	200	279188379	307167232	223932416	129806272	17198096
187	200	166082983	307236864	223932416	136708256	17198096
188	200	165437159	307306496	223932416	143584672	17198096
189	200	161009929	307367936	223932416	150421352	17198096
190	200	253941084	307417088	223932416	157274568	17198096
191	200	162309971	307474432	223932416	147602264	17198096
192	200	159223840	307548160	223932416	154502536	17198096
193	200	164334448	307609600	223932416	161385320	17198096
194	200	245105701	307679232	223932416	168221584	17198096
195	200	149065277	307740672	223932416	175112952	17198096
196	200	152349065	307818496	223932416	181995648	17198096
197	200	239315776	307884032	223932416	172343528	17198096
198	200	201535277	307949568	223932416	179218968	17198096
199	200	164010193	308019200	223932416	186103344	17206288
200	200	158120327	308072448	223932416	193009072	17206288
201	200	259906754	309772288	226291712	199876520	17206288
202	200	173967969	311906304	228913152	190054640	17206288
203	200	161943644	313974784	230748160	196852976	17206288
204	200	177268757	316882944	233369600	203668016	17206288
205	200	261267442	320966656	237563904	210473616	17206288
206	200	167267500	325029888	240971776	217277456	17206288
207	200	171403610	329105408	244903936	224100128	17206288
208	200	253104798	333238272	249884672	214269344	17206288
209	200	168849877	337301504	253816832	221057800	17206288
210	200	179554638	341352448	257748992	227886216	17206288
211	200	170530142	345407488	261681152	234623224	17206288
212	200	180223442	349454336	265351168	241385984	17206288
213	200	258561626	353521664	269021184	248214288	17206288
214	200	164142057	357654528	274264064	238461392	17206288
215	200	176011378	361730048	277671936	245221920	17206288
216	200	212231803	363868160	278720512	71734680	17198096
217	200	256592589	363933696	278720512	78623328	17198096
218	200	159720536	364003328	278720512	85496096	17198096
219	200	189277694	365129728	279777280	93425584	17198096
220	200	179494391	365178880	279777280	100261872	17198096
221	200	295360477	365223936	279777280	90547216	17198096
222	200	178501070	365281280	279777280	97384880	17198096
223	200	171143449	365346816	279777280	104222088	17198096
224	200	159428394	365408256	279777280	111131464	17198096
225	200	283734679	365469696	279777280	118038064	17198096
226	200	185527578	365539328	279777280	124918496	17198096
227	200	179946724	365608960	279777280	115287416	17198096
228	200	174997363	365686784	279777280	122168064	17198096
229	200	262318524	365752320	279777280	129040128	17198096
230	200	154808731	365801472	279777280	135933880	17198096
231	200	144809084	365850624	279777280	142770792	17198096
232	200	168811838	365907968	279777280	149612784	17198096
233	200	264947759	365969408	279777280	139898088	17198096
234	200	165482305	366043136	279777280	146723456	17198096
235	200	159773734	366108672	279777280	153528696	17198096
236	200	157304665	366178304	279777280	160435792	17198096
237	200	152605414	366235648	279777280	167274648	17198096
238	200	273219028	366309376	279777280	174159216	17198096
239	200	168173245	366374912	279777280	164460008	17198096
240	200	154687761	366428160	279777280	171358656	17198096
241	200	156253387	366485504	279777280	178254512	17198096
242	200	155264492	366555136	279777280	185101712	17198096
243	200	263862862	366612480	279777280	191977984	17198096
244	200	172808284	366669824	279777280	198837688	17198096
245	200	149325937	366739456	279777280	189178784	17198096
246	200	152621235	366837760	279777280	196092888	17198096
247	200	283063709	366899200	279777280	202968064	17198096
248	200	159818052	366960640	279777280	209866728	17198096
249	200	149420047	367026176	279777280	216726464	17198096
250	200	154296558	367079424	279777280	207038944	17198096
251	200	160108734	367124480	279777280	213840576	17198096
252	200	299130158	367194112	279777280	220687984	17198096
253	200	150834496	367259648	279777280	227527712	17198096
254	200	166129657	367357952	279777280	234376432	17198096
255	200	199351393	366940160	279244800	79611912	17198096
256	200	174787247	367001600	279244800	86487080	17198096
257	200	299213362	367071232	279244800	93344576	17198096
258	200	149248088	367149056	279244800	100236912	17198096
259	200	152532133	367218688	279244800	90535232	17198096
260	200	151808989	367271936	279244800	97432392	17198096
261	200	190247180	371519488	283443200	108520624	17198096
262	200	157227931	371576832	283443200	115391344	17198096
263	200	158241586	371646464	283443200	122266272	17198096
264	200	181494380	371703808	283443200	129146448	17198096
265	200	176328329	371769344	283443200	119463384	17198096
266	200	218973598	376041472	287641600	130549280	17198096
267	200	179669180	376111104	287641600	137428896	17198096
268	200	169941455	376172544	287641600	144345688	17198096
269	200	173264572	376233984	287641600	151216472	17198096
270	200	176186072	376291328	287641600	158113592	17198096
271	200	208588359	380551168	291840000	152624328	17198096
272	200	168775453	380616704	291840000	159480144	17198096
273	200	166865069	380686336	291840000	166356000	17198096
274	200	156516489	380751872	291840000	173192952	17198096
275	200	185338295	385105920	296038400	184225848	17198096
276	200	148379889	385175552	296038400	191135400	17198096
277	200	161484179	385249280	296038400	181429936	17198096
278	200	153909564	385314816	296038400	188268472	17198096
279	200	196516843	389578752	300236800	199322336	17198096
280	200	156353851	389636096	300236800	206181808	17198096
281	200	152221218	389693440	300236800	213062512	17198096
282	200	159121866	389758976	300236800	203347680	17198096
283	200	185221217	394022912	304435200	214412768	17198096
284	200	145982647	394080256	304435200	221295024	17198096
285	200	170021499	394153984	304435200	228136392	17198096
286	200	161500257	394219520	304435200	235008280	17198096
287	200	173396300	398483456	308633600	246094296	17198096
288	200	167992444	398548992	308633600	236415480	17198096
289	200	172375778	398622720	308633600	243253648	17198096
290	200	156115061	398684160	308633600	250094808	17198096
291	200	182034271	402939904	312832000	261184088	17198096
292	200	163463764	403001344	312832000	268057584	17198096
293	200	171029323	403070976	312832000	274952408	17198096
294	200	158723872	403132416	312832000	265274632	17198096
295	200	180115135	407396352	317030400	276304264	17198096
296	200	156455707	409169920	319651840	283190336	17198096
297	200	158701607	411242496	321486848	290051496	17198096
298	200	149930731	413319168	323321856	296891952	17198096
299	200	170017841	419655680	329617408	307919736	17198096
300	200	221040357	378359808	287895552	99637504	17198096
301	200	166799322	378413056	287895552	91234504	17198096
302	200	161427497	378470400	287895552	98908464	17198096
303	200	199172012	382738432	292093952	110767088	17198096
304	200	156668203	382795776	292093952	118450496	17198096
305	200	160569758	382861312	292093952	109980000	17198096
306	200	159016605	382930944	292093952	117626944	17198096
307	200	199580888	387207168	296292352	129496968	17198096
308	200	161018303	387272704	296292352	137165112	17198096
309	200	175428419	387334144	296292352	144900848	17198096
310	200	193956554	391593984	300490752	140700312	17198096
311	200	161007724	391643136	300490752	148369264	17198096
312	200	175884994	391704576	300490752	156067416	17198096
313	200	153618072	391766016	300490752	163717304	17198096
314	200	196612751	396029952	304689152	175566672	17198096
315	200	176964665	396087296	304689152	167066088	17198096
316	200	178332627	396148736	304689152	174753512	17198096
317	200	210454383	400416768	308887552	186612352	17198096
318	200	187016223	400482304	308887552	194309280	17198096
319	200	156958911	400556032	308887552	202020776	17198096
320	200	156741404	400605184	308887552	193556664	17198096
321	200	189303605	404869120	313085952	205361040	17198096
322	200	156186964	404926464	313085952	213065792	17198096
323	200	148190004	404992000	313085952	220712072	17198096
324	200	147713250	405049344	313085952	228401368	17198096
325	200	189846366	409317376	317284352	224087784	17198096
326	200	157509607	409382912	317284352	231736040	17198096
327	200	169226826	409456640	317284352	239446792	17206288
328	200	193698276	417431552	325169152	254984176	17206288
329	200	162332935	417501184	325169152	262668344	17206288
330	200	160050489	417550336	325169152	254254120	17206288
331	200	203155671	421801984	329367552	266140976	17206288
332	200	195792730	422244352	329367552	273827112	17206288
333	200	179803252	422313984	329367552	281550216	17206288
334	200	216908410	427126784	334352384	293442624	17206288
335	200	209571898	438235136	346415104	293286888	17206288
336	200	156946985	440696832	348512256	300969200	17206288
337	200	157819549	443154432	350871552	308648640	17206288
338	200	150406109	445612032	352968704	316247816	17206288
339	200	163408140	448069632	355065856	323912776	17206288
340	200	298569799	450768896	358473728	315464464	17206288
341	200	197202934	453251072	360833024	323158184	17206288
342	200	205449479	405667840	312799232	99036424	17198096
343	200	160244358	405737472	312799232	106771904	17198096
344	200	147569681	405803008	312799232	114474288	17198096
345	200	171180366	405868544	312799232	122157216	17198096
346	200	157393294	405929984	312799232	113736224	17198096
347	200	309008652	405999616	312799232	121425280	17198096
348	200	153550784	406073344	312799232	129120256	17198096
349	200	145895237	406142976	312799232	136855600	17198096
350	200	159004223	406200320	312799232	144587088	17198096
351	200	148124990	406249472	312799232	136113984	17198096
352	200	156432367	406315008	312799232	143871984	17198096
353	200	302317642	406384640	312799232	151616512	17198096
354	200	155465117	406441984	312799232	159309840	17198096
355	200	167696758	406499328	312799232	167057128	17198096
356	200	148949285	406564864	312799232	158652496	17198096
357	200	156373286	406634496	312799232	166379192	17198096
358	200	161293797	406700032	312799232	174075064	17198096
359	200	156529379	406773760	312799232	181824792	17198096
360	200	334852135	406827008	312799232	189513720	17198096
361	200	183152771	406884352	312799232	181105712	17198096
362	200	161929448	406941696	312799232	188806424	17198096
363	200	159759349	407007232	312799232	196551112	17198096
364	200	158580054	407068672	312799232	204286528	17198096
365	200	155597799	407142400	312799232	211989968	17198096
366	200	299069634	407212032	312799232	203570960	17198096
367	200	165869134	407277568	312799232	211340776	17198096
368	200	148208563	407871488	313327616	219605344	17198096
369	200	153226056	407937024	313327616	227350432	17198096
370	200	159944073	407998464	313327616	235068328	17198096
371	200	160500300	408051712	313327616	226678648	17198096
372	200	163327453	408113152	313327616	234442080	17198096
373	200	320512128	408178688	313327616	242181312	17198096
374	200	165672905	408240128	313327616	249899216	17198096
375	200	153217937	408301568	313327616	257613176	17198096
376	200	158216689	408363008	313327616	249089664	17198096
377	200	155092786	408428544	313327616	256778888	17198096
378	200	171630433	408608768	313327616	264483896	17198096
379	200	156815185	409088000	313327616	272167912	17198096
380	200	344697724	409300992	313327616	279889464	17198096
381	200	155936403	409473024	313589760	271428008	17198096
382	200	158352374	411439104	315949056	279108248	17198096
383	200	156829798	413892608	318570496	286840816	17198096
384	200	151842570	416342016	320405504	294567104	17198096
385	200	167153339	418795520	322764800	302261168	17198096
386	200	166898091	422776832	327483392	293837576	17198096
387	200	358970489	427233280	331939840	301470248	17198096
388	200	157161441	431681536	336134144	309139448	17198096
389	200	171649001	436150272	340328448	316755512	17198096
390	200	163270624	440586240	344522752	324385104	17198096
391	200	162234226	445276160	349765632	315910792	17198096
392	200	163761649	449736704	353959936	323635032	17198096
393	200	164890742	454180864	358416384	331298384	17198096
394	200	351976815	458629120	362086400	338998296	17198096
395	200	165856753	463081472	366804992	346679656	17198096
396	200	157868908	467783680	371785728	338267488	17198096
397	200	149998519	472236032	376242176	345953560	17198096
398	200	159836207	476684288	380436480	353631160	17198096
399	200	171631589	481132544	384630784	361267736	17198096
400	200	153906276	485576704	388825088	368901888	17198096
401	200	366912400	490283008	394067968	360411360	17198096
402	200	171604575	494718976	398262272	368024384	17198096
403	200	166075192	499171328	402718720	375704568	17198096
404	200	250242372	500846592	403501056	114357928	17198096
405	200	156602534	500908032	403501056	122109120	17198096
406	200	157240919	500969472	403501056	113689784	17198096
407	200	155504158	501043200	403501056	121307312	17198096
408	200	163701991	501108736	403501056	129033872	17198096
409	200	369833216	501174272	403501056	136753264	17198096
410	200	156988890	501223424	403501056	144473640	17198096
411	200	158924128	501272576	403501056	136042768	17198096
412	200	150612451	501329920	403501056	143769848	17198096
413	200	157213431	501395456	403501056	151525392	17198096
414	200	165921204	501456896	403501056	159243720	17198096
415	200	153509462	501530624	403501056	166947712	17198096
416	200	376562097	501592064	403501056	158583416	17198096
417	200	167469495	501653504	403501056	166313960	17198096
418	200	176656474	501727232	403501056	174030328	17198096
419	200	154737605	501796864	403501056	181764848	17198096
420	200	164847880	501846016	403501056	189493680	17198096
421	200	159417864	501899264	403501056	181040608	17198096
422	200	148590915	501960704	403501056	188762744	17198096
423	200	169261097	502030336	403501056	196513960	17198096
424	200	406915040	502095872	403501056	204209752	17198096
425	200	156514621	502157312	403501056	211907896	17198096
426	200	160386230	502218752	403501056	203462688	17198096
427	200	150742148	502296576	403501056	211196112	17198096
428	200	174983634	502370304	403501056	218935944	17198096
429	200	163868716	502435840	403501056	226605424	17198096
430	200	156671104	502497280	403501056	234251728	17198096
431	200	170103214	502550528	403501056	225800232	17198096
432	200	415149871	502611968	403501056	233487488	17198096
433	200	156364866	502681600	403501056	241231464	17198096
434	200	154773306	502751232	403501056	248912000	17198096
435	200	151077055	502820864	403501056	256600488	17198096
436	200	165038374	502890496	403501056	248208640	17198096
437	200	167458475	505057280	405606400	258000512	17198096
438	200	157526692	505135104	405606400	265705408	17198096
439	200	154460337	505200640	405606400	273411872	17198096
440	200	420801671	505245696	405606400	281033968	17198096
441	200	152958028	505303040	405606400	272557752	17198096
442	200	154377847	505360384	405606400	280254672	17198096
443	200	156395854	505421824	405606400	287910752	17198096
444	200	156676867	505491456	405606400	295586824	17198096
445	200	153049273	505552896	405606400	303318048	17198096
446	200	171411012	505622528	405606400	294794584	17198096
447	200	158043935	505692160	405606400	302472992	17198096
448	200	414557713	505761792	405606400	310136936	17198096
449	200	159054324	505827328	405606400	317818472	17198096
450	200	173627385	505876480	405606400	325503576	17198096
451	200	160204840	505942016	405606400	317066896	17198096
452	200	171707905	506015744	405606400	324775320	17198096
453	200	162878633	506077184	405606400	332464448	17198096
454	200	164419242	506138624	405606400	340166712	17198096
455	200	152394736	506212352	405606400	347875840	17206288
456	200	419471500	506277888	405606400	339376240	17206288
457	200	161086332	506351616	405606400	347059208	17206288
458	200	164588264	506654720	405606400	354735784	17206288
459	200	162741297	506720256	405606400	362431248	17206288
460	200	152762282	506986496	405606400	370084384	17206288
461	200	152242383	507039744	405606400	361566904	17206288
462	200	154168426	507105280	405606400	369274176	17206288
463	200	172417344	508194816	407179264	376887832	17206288
464	200	149659038	510652416	409538560	384599192	17206288
465	200	441074523	513110016	411635712	392260496	17206288
466	200	165094202	517623808	416878592	383684944	17206288
467	200	150020716	522084352	421335040	391342872	17206288
468	200	158408955	526528512	425529344	398964400	17206288
469	200	166570581	530980864	429723648	406582864	17206288
470	200	160473694	535416832	433917952	414224096	17206288
471	200	177226017	540749824	439160832	405710768	17206288
472	200	238945770	540909568	438628352	116309840	17198096
473	200	447663786	540979200	438628352	123978952	17198096
474	200	152681669	541048832	438628352	131652040	17198096
475	200	156922419	541110272	438628352	139375456	17198096
476	200	164901358	541171712	438628352	147043944	17198096
477	200	151031236	541245440	438628352	138596064	17198096
478	200	169225074	541306880	438628352	146248056	17198096
479	200	157275530	541368320	438628352	153930000	17198096
480	200	161773052	541417472	438628352	161581200	17198096
481	200	150374788	541474816	438628352	169284304	17198096
482	200	487244239	541528064	438628352	160815872	17198096
483	200	152073367	541589504	438628352	168513408	17198096
484	200	156770202	541659136	438628352	176235848	17198096
485	200	149700226	541741056	438628352	183847048	17198096
486	200	153647560	541818880	438628352	191550480	17198096
487	200	160599305	541888512	438628352	183064992	17198096
488	200	170590144	541958144	438628352	190803984	17198096
489	200	156026490	542023680	438628352	198459648	17198096
490	200	468990354	542076928	438628352	206124424	17198096
491	200	157257546	542130176	438628352	213828144	17198096
492	200	164475610	542199808	438628352	205350832	17198096
493	200	148361613	542265344	438628352	213031096	17198096
494	200	158090489	542322688	438628352	220708248	17198096
495	200	160965344	542388224	438628352	228356120	17198096
496	200	163170125	542453760	438628352	236071064	17198096
497	200	177683359	542523392	438628352	227605688	17198096
498	200	161175815	542588928	438628352	235278480	17198096
499	200	479477640	542658560	438628352	242978288	17198096
500	200	180644470	542707712	438628352	250624552	17198096
501	200	189222512	542760960	438628352	258295392	17198096
502	200	179875700	542830592	438628352	249823184	17198096
503	200	182932095	542896128	438628352	257520904	17198096
504	200	180143856	542961664	438628352	265206264	17198096
505	200	160771404	543027200	438628352	272886384	17198096
506	200	170327340	543088640	438628352	280566248	17198096
507	200	185051361	543158272	438628352	272120040	17198096
508	200	473635380	543227904	438628352	279791928	17198096
509	200	169975283	543297536	438628352	287436760	17198096
510	200	162678081	543350784	438628352	295101128	17198096
511	200	161017718	543428608	438628352	302772560	17198096
512	200	163165216	543490048	438628352	294249312	17198096
513	200	154753138	543563776	438628352	301911992	17198096
514	200	157589657	543621120	438628352	309620944	17198096
515	200	149705849	543682560	438628352	317330568	17198096
516	200	160860368	543748096	438628352	325010752	17198096
517	200	496357527	543813632	438628352	316550416	17198096
518	200	180157396	543883264	438628352	324227752	17198096
519	200	150013333	543944704	438628352	331880384	17198096
520	200	154287963	544002048	438628352	339559536	17198096
521	200	159256852	544063488	438628352	347268376	17198096
522	200	154233734	544133120	438628352	338812048	17198096
523	200	154668328	544190464	438628352	346487328	17198096
524	200	154765600	544260096	438628352	354170592	17198096
525	200	154760148	544321536	438628352	361769336	17198096
526	200	152213061	544391168	438628352	369421152	17198096
527	200	212748946	552849408	447021056	369353232	17198096
528	200	146787065	552927232	447021056	377018248	17198096
529	200	157100731	552992768	447021056	384696640	17198096
530	200	160747079	553054208	447021056	392398592	17198096
531	200	164648903	553156608	447021056	400055432	17198096
532	200	161491492	553684992	447021056	391540376	17198096
533	200	154842804	553750528	447021056	399184840	17198096
534	200	167107983	553820160	447021056	406902400	17198096
535	200	155480408	553881600	447021056	414599952	17198096
536	200	217743754	562958336	456200192	430697040	17198096
537	200	164870308	565678080	459870208	422169832	17198096
538	200	177547920	568139776	461967360	429785456	17198096
539	200	182388001	571506688	465113088	437400208	17198096
540	200	178515852	575946752	469569536	445056624	17198096
541	200	180360901	580378624	473501696	452751088	17198096
542	200	171467851	585084928	479006720	444227104	17198096
543	200	182146396	589582336	483463168	451867968	17198096
544	200	289860210	581873664	474284032	135914568	17198096
545	200	165555387	581939200	474284032	142777680	17198096
546	200	156480226	582012928	474284032	149636096	17198096
547	200	158964199	582078464	474284032	156507304	17198096
548	200	164036617	582148096	474284032	163372168	17198096
549	200	173301040	582217728	474284032	170230840	17198096
550	200	149516853	582270976	474284032	160511368	17198096
551	200	155391051	582320128	474284032	167375920	17198096
552	200	149486302	582377472	474284032	174244216	17198096
553	200	220529206	590835712	482676736	189508392	17198096
554	200	163851012	590909440	482676736	196380440	17198096
555	200	156003160	590970880	482676736	186725640	17198096
556	200	171477556	591036416	482676736	193566328	17198096
557	200	161375913	591134720	482676736	200408064	17198096
558	200	150329969	591208448	482676736	207270264	17198096
559	200	151337000	591273984	482676736	214134192	17198096
560	200	167819915	591327232	482676736	220972432	17198096
561	200	158476698	591376384	482676736	211275296	17198096
562	200	215923146	599834624	491069440	226525712	17198096
563	200	148380403	599900160	491069440	233413776	17198096
564	200	154444259	599961600	491069440	240309064	17198096
565	200	166319848	600027136	491069440	247214528	17198096
566	200	167768749	600096768	491069440	254055616	17198096
567	200	158089347	600166400	491069440	244412416	17198096
568	200	168240836	600231936	491069440	251254096	17198096
569	200	172535718	600301568	491069440	258092008	17198096
570	200	233919697	608743424	499462144	273321584	17198096
571	200	156032667	608800768	499462144	280163728	17198096
572	200	163166978	608858112	499462144	287047160	17198096
573	200	150989714	609460224	499990528	277833208	17198096
574	200	154896055	609525760	499990528	284695560	17198096
575	200	147035106	609591296	499990528	291558808	17198096
576	200	157108168	609665024	499990528	298399712	17198096
577	200	148153842	609722368	499990528	305241384	17198096
578	200	220015911	618176512	508383232	320467128	17198096
579	200	176474405	618237952	508383232	310759648	17198096
580	200	183647938	618295296	508383232	317624368	17198096
581	200	177798222	618352640	508383232	324488232	17198096
582	200	184498636	618418176	508383232	331331984	17198096
583	200	184345286	618487808	508383232	338175360	17206288
584	200	159442060	618561536	508383232	328486360	17206288
585	200	152220567	618627072	508383232	335327872	17206288
586	200	234738118	627085312	516775936	350556296	17206288
587	200	186861698	627150848	516775936	357394584	17206288
588	200	182321013	627220480	516775936	364260624	17206288
589	200	179254833	627281920	516775936	371143760	17206288
590	200	174583950	627339264	516775936	361481216	17206288
591	200	170373557	627392512	516775936	368342688	17206288
592	200	155475371	627458048	516775936	375202504	17206288
593	200	190137761	627519488	516775936	382066736	17206288
594	200	213724666	635973632	525168640	397325200	17206288
595	200	186668678	636039168	525168640	404165768	17206288
596	200	183235782	636108800	525168640	394441824	17206288
597	200	160501247	636178432	525168640	401323984	17206288
598	200	169925696	636243968	525168640	408187600	17206288
599	200	163925840	636305408	525168640	415052744	17206288
600	200	156739614	636358656	525168640	421896080	17206288
601	200	167413564	636416000	525168640	428810952	17206288
602	200	217500877	644874240	533561344	427504464	17206288
603	200	154713722	644939776	533561344	434377872	17206288
604	200	160859110	645005312	533561344	441237248	17206288
605	200	169430301	645070848	533561344	448098000	17206288
606	200	156935416	645144576	533561344	454959352	17206288
607	200	159132814	645214208	533561344	461843624	17206288
608	200	157468676	645275648	533561344	452152880	17206288
609	200	214457106	653729792	541954048	467427336	17206288
610	200	165134304	653791232	541954048	474289992	17206288
611	200	151600639	653840384	541954048	481150584	17206288
612	200	161437497	653905920	541954048	487989856	17206288
613	200	156915754	653963264	541954048	478251248	17206288
614	200	152247875	654036992	541954048	485088784	17206288
615	200	168762611	655081472	543002624	491952352	17206288
616	200	268724580	579338240	466939904	149327496	17198096
617	200	231224309	587800576	475332608	148005232	17198096
618	200	180828308	587870208	475332608	154889728	17198096
619	200	167364575	587943936	475332608	161775176	17198096
620	200	167171463	587988992	475332608	168638888	17198096
621	200	167641572	588042240	475332608	175497544	17198096
622	200	158447752	588107776	475332608	182337432	17198096
623	200	162051523	588169216	475332608	172624344	17198096
624	200	211029034	596623360	483725312	187875880	17198096
625	200	164316507	596688896	483725312	194737248	17198096
626	200	167482530	596758528	483725312	201602184	17198096
627	200	153434773	596828160	483725312	208475888	17198096
628	200	168802878	596893696	483725312	198783848	17198096
629	200	159962034	596959232	483725312	205631536	17198096
630	200	157736185	597012480	483725312	212528776	17198096
631	200	155373803	597065728	483725312	219392368	17198096
632	200	216571915	605532160	492118016	234622040	17198096
633	200	158765196	605597696	492118016	241527976	17198096
634	200	163326771	605659136	492118016	231833728	17198096
635	200	162199344	605724672	492118016	238674568	17198096
636	200	160767085	605790208	492118016	245538280	17198096
637	200	167122718	605855744	492118016	252378288	17198096
638	200	147553384	605929472	492118016	259241200	17198096
639	200	232787383	614383616	500510720	274515400	17198096
640	200	160848693	614436864	500510720	264801208	17198096
641	200	162897420	614494208	500510720	271664464	17198096
642	200	174921622	614555648	500510720	278552656	17198096
643	200	164375538	614612992	500510720	285437320	17198096
644	200	167478997	614674432	500510720	292292200	17198096
645	200	163698839	614739968	500510720	299153224	17198096
646	200	226475431	623194112	508903424	297842784	17198096
647	200	155392777	623263744	508903424	304719064	17198096
648	200	161711647	623325184	508903424	311583552	17198096
649	200	161647315	623394816	508903424	318448128	17198096
650	200	148487582	623456256	508903424	325332424	17198096
651	200	156395315	623509504	508903424	315621544	17198096
652	200	200834113	631963648	517296128	330852584	17198096
653	200	166079141	632037376	517296128	337718816	17198096
654	200	154656752	632094720	517296128	344579248	17198096
655	200	157501263	632152064	517296128	351422144	17198096
656	200	183598120	639574016	524652544	365613624	17198096
657	200	161738241	639655936	524652544	356008912	17198096
658	200	148095376	639721472	524652544	362903944	17198096
659	200	216787339	648183808	533045248	378218432	17198096
660	200	178870510	648232960	533045248	385103488	17198096
661	200	147126937	648290304	533045248	392026480	17198096
662	200	171870132	648355840	533045248	398944616	17198096
663	200	171562984	648421376	533045248	389335944	17198096
664	200	162415578	648478720	533045248	396207152	17198096
665	200	158783244	648548352	533045248	403078512	17198096
666	200	230827444	657002496	541437952	418375880	17198096
667	200	151883523	657076224	541437952	425302368	17198096
668	200	147308937	657145856	541437952	432186416	17198096
669	200	174225194	657211392	541437952	422565984	17198096
670	200	164108850	657268736	541437952	429484288	17198096
671	200	154567403	657326080	541437952	436387088	17198096
672	200	211926237	665776128	549830656	451705200	17198096
673	200	163591061	665845760	549830656	458608968	17198096
674	200	155989107	665903104	549830656	448961344	17198096
675	200	149086447	665964544	549830656	455884120	17198096
676	200	170749618	666034176	549830656	462785664	17198096
677	200	177187164	666099712	549830656	469707768	17198096
678	200	167991661	666161152	549830656	476635280	17198096
679	200	234330813	674615296	558223360	491939424	17198096
680	200	180470302	674672640	558223360	482291440	17198096
681	200	177665864	674738176	558223360	489222928	17198096
682	200	170066254	674791424	558223360	496144000	17198096
683	200	190785433	674852864	558223360	503080392	17198096
684	200	256464611	691703808	575004672	526776000	17198096
685	200	184997149	691777536	575004672	533658712	17198096
686	200	198928106	691834880	575004672	523960192	17198096
687	200	191252843	691900416	575004672	530884320	17198096
688	200	304193994	596418560	479260672	168701888	17198096
689	200	204602628	596488192	479260672	175585344	17198096
690	200	199728598	596549632	479260672	165979264	17198096
691	200	204572656	596602880	479260672	172907008	17198096
692	200	202434447	596660224	479260672	179842952	17198096
693	200	186094783	596729856	479260672	186775536	17198096
694	200	194647565	596795392	479260672	193660320	17198096
695	200	193552048	596865024	479260672	184026976	17198096
696	200	511921256	596934656	479260672	190955176	17198096
697	200	172576053	597008384	479260672	197876136	17198096
698	200	166774929	597069824	479260672	204797584	17198096
699	200	175791051	597135360	479260672	211725400	17198096
700	200	171823098	597192704	479260672	218651224	17198096
701	200	173430331	597245952	479260672	209067792	17198096
702	200	183574192	597311488	479260672	215999648	17198096
703	200	168807605	597372928	479260672	222922400	17198096
704	200	160479266	597442560	479260672	229852088	17198096
705	200	162173664	597516288	479260672	236782416	17198096
706	200	154752435	597585920	479260672	243665864	17198096
707	200	165320214	597647360	479260672	234049344	17198096
708	200	174069326	597708800	479260672	240968000	17198096
709	200	513340978	597774336	479260672	247903144	17198096
710	200	186199557	597831680	479260672	254827800	17198096
711	200	183334344	597897216	479260672	261739568	17206288
712	200	189398888	597970944	479260672	252082976	17206288
713	200	187192791	598032384	479260672	258925624	17206288
714	200	173444354	598089728	479260672	265852904	17206288
715	200	164574415	598163456	479260672	272748368	17206288
716	200	164563301	598228992	479260672	279652728	17206288
717	200	161996315	598294528	479260672	286535752	17206288
718	200	178886381	598360064	479260672	276788744	17206288
719	200	169885429	598425600	479260672	283719248	17206288
720	200	173054901	598495232	479260672	290646520	17206288
721	200	174246284	598544384	479260672	297527136	17206288
722	200	508132566	598601728	479260672	304442792	17206288
723	200	157843631	598659072	479260672	311369040	17206288
724	200	165111900	598724608	479260672	301750576	17206288
725	200	166450470	598790144	479260672	308675176	17206288
726	200	171016089	598847488	479260672	315603496	17206288
727	200	168889359	598913024	479260672	322501312	17206288
728	200	176278071	598986752	479260672	329417336	17206288
729	200	185640932	599056384	479260672	319823120	17206288
730	200	175926783	599113728	479260672	326750376	17206288
731	200	189088796	599171072	479260672	333655448	17206288
732	200	159691779	599228416	479260672	340584360	17206288
733	200	165558925	599289856	479260672	347506464	17206288
734	200	161092486	599347200	479260672	354344344	17206288
735	200	512659304	599412736	479260672	344722912	17206288
736	200	161190391	599482368	479260672	351645584	17206288
737	200	168319463	599547904	479260672	358565624	17206288
738	200	162459593	599609344	479260672	365406376	17206288
739	200	163489253	599670784	479260672	372311560	17206288
740	200	159298401	599728128	479260672	379223992	17206288
741	200	177588230	599789568	479260672	369520312	17206288
742	200	163739682	599846912	479260672	376424480	17206288
743	200	153967861	599900160	479260672	383326960	17206288
744	200	155515534	599969792	479260672	390243200	17206288
745	200	152138757	600043520	479260672	397155824	17206288
746	200	159825014	600104960	479260672	404080152	17206288
747	200	163881114	600170496	479260672	394416784	17206288
748	200	502885179	600240128	479260672	401349176	17206288
749	200	180733363	600305664	479260672	408251432	17206288
750	200	158058218	600363008	479260672	415176896	17206288
751	200	167133724	600420352	479260672	422103168	17206288
752	200	166233215	600489984	479260672	412497264	17206288
753	200	156036639	600547328	479260672	419376576	17206288
754	200	157629028	600608768	479260672	426278792	17206288
755	200	188497698	600674304	479260672	433133328	17206288
756	200	162700576	600743936	479260672	440032304	17206288
757	200	165916239	600813568	479260672	446891224	17206288
758	200	164052454	600879104	479260672	437217872	17206288
759	200	165273174	600956928	479260672	444091672	17206288
760	200	170546918	602431488	480833536	450953776	17206288
761	200	166794628	605573120	484241408	457828776	17206288
762	200	517245938	609636352	488173568	464614576	17206288
763	200	174543701	613703680	492630016	471457168	17206288
764	200	168673149	617832448	497086464	461666120	17206288
765	200	158431205	621899776	501018624	468516016	17206288
766	200	165019269	625950720	504688640	475392360	17206288
767	200	161727181	630022144	508620800	482254376	17206288
768	200	154497879	634089472	512552960	489093264	17206288
769	200	177089897	638156800	516485120	495959432	17206288
770	200	171308207	642265088	521203712	486113608	17206288
771	200	166512404	646324224	525135872	492950728	17206288
772	200	164049386	650379264	529068032	499777808	17206288
773	200	161526107	654438400	532475904	506637560	17206288
774	200	159170922	658501632	536408064	513542960	17206288
775	200	167828777	662638592	541388800	503809744	17206288
776	200	515146190	666710016	545058816	510616648	17206288
777	200	164735957	670773248	548990976	517485528	17206288
778	200	164519894	674840576	553185280	524309800	17206288
779	200	163250366	678903808	556593152	531191792	17206288
780	200	161058534	682962944	560787456	537999032	17206288
781	200	181012577	687083520	565506048	528255952	17206288
782	200	161146580	691130368	569176064	535088568	17206288
783	200	169808799	695193600	573370368	541939456	17206288
784	200	167602342	699269120	576516096	548779512	17206288
785	200	165763943	703336448	580972544	555644216	17206288
786	200	169212592	707391488	584642560	562458952	17206288
787	200	177792454	711553024	589099008	552727408	17206288
788	200	191350978	715628544	593293312	559551184	17206288
789	200	195134918	719695872	596963328	566386544	17206288
790	200	583643744	723759104	601157632	573215128	17206288
791	200	163694550	727801856	604565504	580036176	17206288
792	200	173882738	731947008	608759808	586845544	17206288
793	200	175288379	736059392	613478400	577129952	17206288
794	200	171792180	740212736	617672704	583969784	17206288
795	200	177835731	744284160	621080576	590816464	17206288
796	200	170323258	748367872	624750592	597659200	17206288
797	200	180583649	752435200	628682752	604473792	17206288
798	200	169848005	756523008	632877056	611340456	17206288
799	200	171873808	760692736	637595648	601552096	17206288
800	200	172764632	764751872	641265664	608338840	17206288
801	200	180539981	768815104	645197824	615142840	17206288
802	200	166526875	772923392	648867840	622006168	17206288
803	200	177557789	777084928	652800000	628874952	17206288
804	200	325106840	781205504	654376960	184694792	17198096
805	200	607599917	781271040	654376960	191616120	17198096
806	200	169094002	781357056	654376960	182009344	17198096
807	200	163523332	781430784	654376960	188932712	17198096
808	200	161710541	781492224	654376960	195844984	17198096
809	200	159189246	781561856	654376960	202752344	17198096
810	200	174727643	781611008	654376960	209681448	17198096
811	200	177393694	781668352	654376960	216596232	17198096
812	200	157690975	781791232	654376960	206982272	17198096
813	200	166518629	781848576	654376960	213898384	17198096
814	200	169893087	782000128	654376960	220810608	17198096
815	200	159241726	782073856	654376960	227717816	17198096
816	200	176665233	782143488	654376960	234623728	17198096
817	200	170629722	782209024	654376960	241538536	17198096
818	200	157930812	782270464	654376960	231942464	17198096
819	200	655211455	782348288	654376960	238867472	17198096
820	200	180247122	782397440	654376960	245791752	17198096
821	200	191085553	782458880	654376960	252676048	17198096
822	200	184886185	782516224	654376960	259601352	17198096
823	200	159733482	782585856	654376960	266526040	17198096
824	200	173808554	782655488	654376960	256853432	17198096
825	200	165692957	782716928	654376960	263779816	17198096
826	200	169636299	782774272	654376960	270655336	17198096
827	200	168882723	782852096	654376960	277571816	17198096
828	200	171698244	782913536	654376960	284477496	17198096
829	200	169394365	782979072	654376960	274867336	17198096
830	200	166015254	783036416	654376960	281778352	17198096
831	200	171868192	783093760	654376960	288678840	17198096
832	200	168113407	783147008	654376960	295554648	17198096
833	200	160980874	783208448	654376960	302452264	17198096
834	200	669747049	783273984	654376960	309362880	17198096
835	200	163253732	783343616	654376960	299710280	17198096
836	200	153877072	783405056	654376960	306635520	17198096
837	200	157348684	783470592	654376960	313533728	17198096
838	200	158229016	783540224	654376960	320405120	17198096
839	200	173466364	783605760	654376960	327335720	17206288
840	200	178512346	783663104	654376960	334265048	17206288
841	200	161486867	783724544	654376960	324642480	17206288
842	200	163315294	783785984	654376960	331570160	17206288
843	200	158640473	783847424	654376960	338454608	17206288
844	200	160049130	783912960	654376960	345334920	17206288
845	200	171077915	783982592	654376960	352243232	17206288
846	200	169455839	784048128	654376960	342587048	17206288
847	200	167784553	784113664	654376960	349504784	17206288
848	200	177131092	784175104	654376960	356456384	17206288
849	200	680326810	784244736	654376960	363374624	17206288
850	200	186995392	784306176	654376960	370273616	17206288
851	200	162843207	784355328	654376960	377169872	17206288
852	200	165579362	784416768	654376960	367524840	17206288
853	200	163798799	784482304	654376960	374445648	17206288
854	200	178843351	784543744	654376960	381374304	17206288
855	200	181720487	784605184	654376960	388297696	17206288
856	200	178217425	784670720	654376960	395183312	17206288
857	200	167959589	784740352	654376960	402067496	17206288
858	200	169533546	784818176	654376960	392415888	17206288
859	200	156779854	784887808	654376960	399342864	17206288
860	200	156751932	784936960	654376960	406264840	17206288
861	200	163888829	784994304	654376960	413142576	17206288
862	200	168866719	785051648	654376960	420027288	17206288
863	200	173871700	785121280	654376960	410411800	17206288
864	200	671740326	785178624	654376960	417346032	17206288
865	200	175194197	785244160	654376960	424269656	17206288
866	200	169889934	785321984	654376960	431196408	17206288
867	200	178965267	785383424	654376960	438120336	17206288
868	200	163852590	785444864	654376960	445046784	17206288
869	200	172925731	785514496	654376960	435429952	17206288
870	200	172315044	785567744	654376960	442353960	17206288
871	200	159531170	785620992	654376960	449292504	17206288
872	200	171962670	785674240	654376960	456219640	17206288
873	200	182053887	785747968	654376960	463120536	17206288
874	200	196998790	790016000	658579456	474235840	17206288
875	200	172330676	790089728	658579456	464566752	17206288
876	200	171362983	790155264	658579456	471403736	17206288
877	200	162072306	790220800	658579456	478244488	17206288
878	200	163324689	790282240	658579456	485122000	17206288
879	200	171704009	790343680	658579456	491983176	17206288
880	200	697668501	790396928	658579456	498860080	17206288
881	200	184151287	790462464	658579456	489193528	17206288
882	200	166027116	790523904	658579456	496109040	17206288
883	200	169706523	790589440	658579456	503009520	17206288
884	200	169471463	790650880	658579456	509928256	17206288
885	200	173477622	790728704	658579456	516820672	17206288
886	200	168894494	790802432	658579456	507140336	17206288
887	200	167216065	790867968	658579456	513999696	17206288
888	200	166630883	790929408	658579456	520872992	17206288
889	200	177764418	791003136	658579456	527700440	17206288
890	200	172916094	791056384	658579456	534570776	17206288
891	200	176121496	791113728	658579456	541466656	17206288
892	200	185226671	791175168	658579456	531789056	17206288
893	200	180539722	791252992	658579456	538627464	17206288
894	200	174347332	791314432	658579456	545509840	17206288
895	200	162944079	791375872	658579456	552393416	17206288
896	200	720016461	791449600	658579456	559252920	17206288
897	200	178703403	791523328	658579456	566112912	17206288
898	200	173054999	791584768	658579456	556396504	17206288
899	200	165431654	791646208	658579456	563256432	17206288
900	200	168226685	791859200	658579456	570117496	17206288
901	200	169723783	792440832	659103744	577003016	17206288
902	200	174821259	792498176	659103744	583863016	17206288
903	200	193142149	792559616	659103744	590734392	17206288
904	200	178831135	792621056	659103744	581063632	17206288
905	200	165656252	792690688	659103744	587934168	17206288
906	200	162377591	792760320	659103744	594806376	17206288
907	200	157742838	792834048	659103744	601712232	17206288
908	200	185422291	792899584	659103744	608582448	17206288
909	200	182460960	792965120	659103744	598879104	17206288
910	200	166526690	793010176	659103744	605730488	17206288
911	200	183894848	793067520	659103744	612629104	17206288
912	200	726932212	793456640	659628032	619427848	17206288
913	200	164988428	795541504	662249472	626304824	17206288
914	200	173475747	797605888	663822336	633110048	17206288
915	200	166726368	799735808	666705920	623372808	17206288
916	200	167237872	801820672	668803072	630193984	17206288
917	200	177289098	803889152	670375936	637037088	17206288
918	200	170603817	805961728	672210944	643856744	17206288
919	200	167497752	809742336	676143104	650716672	17206288
920	200	163778104	813797376	680075264	657467952	17206288
921	200	175526088	817963008	684531712	647721248	17206288
922	200	169547330	822026240	688726016	654524144	17206288
923	200	163294262	826118144	692396032	661357600	17206288
924	200	157971614	830185472	696066048	668195424	17206288
925	200	158587483	834260992	700260352	675061952	17206288
926	200	190020470	838320128	703668224	681851016	17206288
927	200	166957126	842465280	708911104	672072776	17206288
928	200	159934172	846532608	712318976	678901328	17206288
929	200	725543496	850599936	716513280	685699200	17206288
930	200	237572532	856436736	720183296	692441376	17206288
931	200	309863112	854130688	717025280	198395864	17198096
932	200	199061774	854196224	717025280	205258296	17198096
933	200	193284597	854360064	717025280	212122400	17198096
934	200	178391294	854425600	717025280	218960088	17198096
935	200	175854978	854495232	717025280	225820856	17198096
936	200	175538529	854568960	717025280	216088336	17198096
937	200	181968725	854626304	717025280	222970632	17198096
938	200	179883003	854695936	717025280	229863528	17198096
939	200	163662098	854781952	717025280	236724408	17198096
940	200	165798948	854843392	717025280	243596480	17198096
941	200	170099517	854900736	717025280	250442744	17198096
942	200	172392301	855015424	717025280	240763824	17198096
943	200	176510723	855085056	717025280	247635848	17198096
944	200	185958276	855162880	717025280	254528992	17198096
945	200	169004660	855220224	717025280	261424336	17198096
946	200	739025669	855277568	717025280	268283392	17198096
947	200	176962897	855347200	717025280	258604944	17198096
948	200	180894538	855412736	717025280	265477896	17198096
949	200	160959771	855474176	717025280	272359608	17198096
950	200	177957190	855531520	717025280	279255680	17198096
951	200	168669270	855597056	717025280	286134064	17198096
952	200	170606617	855654400	717025280	292994376	17198096
953	200	165824766	855715840	717025280	283260752	17198096
954	200	164732482	855777280	717025280	290118680	17198096
955	200	164313876	855838720	717025280	296980688	17198096
956	200	164711234	855908352	717025280	303821424	17198096
957	200	177783843	855969792	717025280	310692352	17198096
958	200	183234110	856035328	717025280	317577664	17198096
959	200	178060027	856109056	717025280	307866664	17198096
960	200	165963890	856162304	717025280	314771784	17198096
961	200	179885703	856211456	717025280	321637472	17198096
962	200	176216997	856268800	717025280	328524736	17198096
963	200	780049600	856330240	717025280	335385368	17198096
964	200	157964220	856395776	717025280	342256328	17198096
965	200	166536697	856461312	717025280	332546280	17198096
966	200	167445860	856535040	717025280	339383272	17198096
967	200	160854951	856608768	717025280	346224960	17206288
968	200	165652310	856682496	717025280	353033176	17206288
969	200	173982249	856748032	717025280	359860744	17206288
970	200	172725274	856797184	717025280	366696168	17206288
971	200	167947662	856850432	717025280	356986376	17206288
972	200	168541589	856911872	717025280	363847608	17206288
973	200	163007730	856973312	717025280	370709904	17206288
974	200	183598707	857038848	717025280	377595960	17206288
975	200	165377591	857104384	717025280	384470200	17206288
976	200	167500677	857174016	717025280	374766264	17206288
977	200	185009032	857239552	717025280	381638304	17206288
978	200	173785537	857305088	717025280	388480048	17206288
979	200	155641671	857374720	717025280	395384376	17206288
980	200	773069914	857432064	717025280	402277112	17206288
981	200	174906929	857485312	717025280	409168216	17206288
982	200	161721210	857550848	717025280	399500248	17206288
983	200	155622228	857620480	717025280	406363448	17206288
984	200	169490424	857681920	717025280	413203048	17206288
985	200	164431162	857739264	717025280	420067584	17206288
986	200	161948184	857812992	717025280	426908200	17206288
987	200	176992424	857878528	717025280	433787480	17206288
988	200	176905488	857948160	717025280	424076064	17206288
989	200	166067281	858013696	717025280	430934888	17206288
990	200	166420735	858062848	717025280	437772592	17206288
991	200	172345336	858112000	717025280	444631944	17206288
992	200	183027422	858177536	717025280	451492080	17206288
993	200	165942893	858234880	717025280	458384128	17206288
994	200	188300974	858296320	717025280	448683280	17206288
995	200	169466918	858357760	717025280	455561112	17206288
996	200	173545489	858427392	717025280	462397904	17206288
997	200	176000229	858492928	717025280	469258720	17206288
998	200	901809404	858550272	717025280	476105568	17206288
999	200	196005736	858611712	717025280	482960176	17206288
1000	200	194973115	858664960	717025280	473293144	17206288
1001	15	15420575	858722304	717025280	476035904	17206288
