block	steps	btime	rss	heapTotal	heapUsed	external
1	200	204390256	140652544	75063296	55166704	17210676
2	200	167386938	145285120	80044032	46624568	17210708
3	200	173162916	149463040	84500480	54180280	17210708
4	200	174958620	153960448	88928256	61387224	17210708
5	200	158224157	158097408	92598272	68405736	17210708
6	200	160824414	162263040	96530432	75201304	17210708
7	200	160443595	167239680	101253120	82527392	17210708
8	200	182749040	171999232	106958848	73279272	17210708
9	200	182637699	176152576	110628864	80022672	17210708
10	200	181808914	180318208	114561024	86827912	17210708
11	200	190258461	184545280	118493184	93633128	17210708
12	200	175178607	188682240	122949632	100334200	17210708
13	200	157459741	192839680	126619648	107022600	17210708
14	200	185088203	197132288	131862528	97319184	17210708
15	200	171742811	201285632	135270400	103969616	17210708
16	200	155369335	206364672	140910592	111471856	17210708
17	200	163893403	210546688	144580608	118170816	17210708
18	200	158180526	214745088	148774912	124807872	17210708
19	200	164368385	218914816	152444928	131515448	17210708
20	200	169123505	219897856	153526272	57293512	17198096
21	200	185939544	219897856	153526272	48593992	17198096
22	200	159382577	219930624	153526272	56004960	17198096
23	200	164963713	219930624	153526272	63413352	17198096
24	200	160431898	220061696	153526272	70849128	17198096
25	200	159506489	221409280	154583040	79337480	17198096
26	200	162264910	223428608	156168192	72218752	17198096
27	200	162377233	224718848	157224960	80727448	17198096
28	200	159202465	225783808	158281728	89327728	17198096
29	200	152581820	227393536	159862784	98379608	17198096
30	200	156682591	227397632	159862784	105887600	17198096
31	200	168769569	227405824	159862784	113364624	17198096
32	200	161390882	229244928	161701888	106567344	17198096
33	200	162778802	229249024	161701888	113956576	17198096
34	200	149747370	229249024	161701888	121378680	17198096
35	200	162698798	229249024	161701888	128739200	17198096
36	200	146517220	229666816	161701888	136163080	17198096
37	200	164593918	232325120	165371904	127430600	17198096
38	200	149332008	234758144	167993344	134826664	17198096
39	200	157265540	237191168	170090496	142214848	17198096
40	200	164438108	241491968	174284800	149571464	17198096
41	200	171336772	246243328	178479104	157331168	17198096
42	200	158562365	250765312	183197696	164819976	17198096
43	200	167434304	255430656	188702720	156084064	17198096
44	200	155951332	259862528	192634880	163483368	17198096
45	200	184988346	254988288	187473920	58778296	17198096
46	200	156469612	254988288	187473920	66149496	17198096
47	200	155184854	254988288	187473920	73550304	17198096
48	200	165326768	254988288	187473920	64750576	17198096
49	200	148134645	254988288	187473920	72123424	17198096
50	200	156898615	254988288	187473920	79509240	17198096
51	200	169914661	254988288	187473920	86966152	17198096
52	200	149824861	254988288	187473920	94343040	17198096
53	200	154112073	254988288	187473920	101715512	17198096
54	200	157782647	254988288	187473920	92943488	17198096
55	200	158642880	255258624	187744256	100613680	17198096
56	200	164881404	255258624	187744256	108007312	17198096
57	200	154028757	255258624	187744256	115336192	17198096
58	200	157326262	255258624	187744256	122638456	17198096
59	200	163431930	255258624	187744256	113837000	17198096
60	200	165226469	255258624	187744256	121208088	17198096
61	200	148797714	255258624	187744256	128556280	17198096
62	200	155704506	255258624	187744256	135953104	17198096
63	200	169953331	258932736	191418368	147056184	17198096
64	200	142515198	259985408	192471040	155435360	17198096
65	200	157269789	261038080	193523712	147665664	17198096
66	200	153954713	262565888	194576384	156083384	17198096
67	200	153711154	263761920	195629056	164426264	17198096
68	200	161177136	266313728	198778880	172810904	17198096
69	200	151073858	270073856	202715136	181223440	17198096
70	200	157057517	275800064	209010688	173474376	17198096
71	200	157218764	281260032	214257664	181915912	17198096
72	200	163749914	288825344	221605888	192394120	17198096
73	200	165060086	293277696	226062336	199710168	17198096
74	200	180473027	281722880	213434368	76745896	17198096
75	200	173793099	281722880	213434368	66982968	17206288
76	200	168127209	281722880	213434368	73679464	17206288
77	200	140899559	281722880	213434368	80428360	17206288
78	200	152222348	281722880	213434368	87170568	17206288
79	200	143518571	281722880	213434368	93954160	17206288
80	200	153656607	281722880	213434368	100640864	17206288
81	200	148200678	281722880	213434368	90941744	17206288
82	200	154274903	282656768	214368256	98595344	17206288
83	200	148708245	282656768	214368256	105305768	17206288
84	200	151514641	282656768	214368256	112003016	17206288
85	200	164090269	282656768	214368256	118769752	17206288
86	200	169428289	282656768	214368256	125474424	17206288
87	200	169087337	282656768	214368256	115697136	17206288
88	200	151515714	282660864	214368256	122429696	17206288
89	200	168631410	282660864	214368256	129129800	17206288
90	200	154901978	282660864	214368256	135825840	17206288
91	200	177400077	282660864	214368256	142532056	17206288
92	200	146769100	282660864	214368256	149235680	17206288
93	200	174373884	282660864	214368256	155964856	17206288
94	200	154333124	282660864	214368256	146306312	17206288
95	200	166640490	282660864	214368256	153014840	17206288
96	200	165502244	282660864	214368256	159759440	17206288
97	200	172248927	282660864	214368256	166458184	17206288
98	200	149046454	282660864	214368256	173191832	17206288
99	200	169536882	282660864	214368256	179858512	17206288
100	200	184073783	282660864	214368256	170186032	17206288
101	15	12437985	282664960	214368256	172908832	17206288
