block	steps	btime	rss	heapTotal	heapUsed	external
1	200	221704105	142114816	74223616	32479824	17206367
2	200	199883023	142401536	74223616	32396592	17198112
3	200	190877005	142528512	74223616	32576368	17198112
4	200	188328469	142655488	74223616	32730664	17198112
5	200	194744305	142794752	74223616	32877376	17198112
6	200	188498100	142860288	74223616	33055176	17198112
7	200	194413557	143212544	74485760	33487240	17198112
8	200	188794568	143273984	74485760	33653224	17198112
9	200	191537989	143532032	74485760	33841152	17198112
10	200	191676632	143597568	74485760	34006152	17198112
11	200	190728303	143937536	74747904	34238736	17198112
12	200	196937500	144011264	74747904	34352712	17198112
13	200	191506815	144080896	74747904	34529272	17198112
14	200	196329226	144441344	75010048	34685480	17198112
15	200	194564740	144523264	75010048	34804472	17198112
16	200	195065550	144609280	75010048	35022136	17198112
17	200	196627091	144961536	75534336	35185280	17198112
18	200	193981003	145031168	75534336	35349096	17198112
19	200	195812364	145162240	75534336	35495632	17198112
20	200	194062750	145235968	75534336	35646272	17198112
21	200	194767554	145842176	76058624	35947896	17198112
22	200	195846816	146178048	76320768	36083320	17198112
23	200	201032136	146530304	76582912	36214632	17198112
24	200	193207586	146620416	76582912	36400904	17198112
25	200	200436003	147025920	76845056	36567728	17198112
26	200	198140998	147341312	77107200	36721912	17198112
27	200	200060995	147959808	77369344	36871056	17198112
28	200	202448059	148353024	77893632	37115792	17198112
29	200	206346473	149262336	78417920	37785912	17198112
30	200	200924618	149336064	78417920	37949752	17198112
31	200	197688450	149405696	78417920	38084848	17198112
32	200	196442544	149745664	78680064	38217712	17198112
33	200	192678790	149807104	78680064	38339648	17198112
34	200	193090393	149872640	78680064	38493608	17198112
35	200	193783469	150036480	78680064	38623808	17198112
36	200	199711898	150372352	78942208	38818408	17198112
37	200	197900381	150704128	79204352	38949400	17198112
38	200	195335974	150781952	79204352	39068072	17198112
39	200	198789328	150872064	79204352	39202160	17198112
40	200	206414026	150937600	79204352	39334752	17198112
41	200	200167597	151515136	79990784	39674336	17198112
42	200	202721465	151851008	79990784	39890952	17198112
43	200	197946899	151937024	79990784	40043712	17198112
44	200	201392180	152023040	80252928	40179736	17198112
45	200	199693900	152350720	80252928	40317808	17198112
46	200	203035058	152678400	80515072	40459520	17198112
47	200	198844668	153018368	80777216	40604536	17198112
48	200	203724835	153346048	81039360	40734016	17198112
49	200	203533399	153419776	81039360	40890544	17198112
50	200	205845493	153755648	81301504	41048408	17198112
51	200	202626420	153817088	81301504	41151488	17198112
52	200	205461791	154099712	81563648	41290960	17198112
53	200	224342549	154230784	81563648	41453256	17198112
54	200	201232171	154288128	81563648	41626544	17198112
55	200	193584792	154660864	81833984	41868160	17198112
56	200	201144115	154734592	81833984	42011464	17198112
57	200	203858234	155054080	82096128	42151896	17198112
58	200	205051779	155381760	82358272	42337472	17198112
59	200	193295287	155447296	82358272	42447040	17198112
60	200	204397566	155500544	82358272	42628568	17198112
61	200	194348267	155574272	82620416	42764080	17198112
62	200	197665730	155725824	82620416	42872880	17198112
63	200	197107791	156078080	82620416	43014800	17198112
64	200	203773907	156659712	83144704	43220304	17198112
65	200	200985193	156729344	83144704	43298400	17198112
66	200	200179188	156807168	83144704	43439952	17198112
67	200	199540141	156880896	83144704	43549952	17198112
68	200	199148304	156942336	83144704	43735672	17198112
69	200	196620676	157057024	83144704	43864200	17198112
70	200	200563477	157114368	83144704	43951456	17198112
71	200	202646512	157175808	83144704	44148944	17206304
72	200	203266246	158728192	84455424	45354864	17198112
73	200	203741780	158781440	84455424	45448160	17198112
74	200	190121648	158846976	84455424	45587176	17198112
75	200	206988377	159178752	84717568	45773256	17198112
76	200	202462100	159297536	84717568	45903696	17198112
77	200	190996372	159371264	84979712	46076896	17198112
78	200	206175469	159899648	85241856	46214336	17198112
79	200	206416182	160014336	85241856	46328448	17198112
80	200	194866812	160325632	85504000	46498864	17198112
81	200	209129693	160903168	86028288	46625272	17198112
82	200	193528415	161906688	86962176	47212960	17198112
83	200	203455318	161968128	86962176	47355296	17198112
84	200	210337592	162029568	86962176	47497280	17198112
85	200	194089157	162099200	86962176	47653024	17198112
86	200	211894989	162160640	86962176	47792592	17198112
87	200	194627291	162512896	87224320	47920960	17198112
88	200	211199769	162582528	87224320	48065568	17198112
89	200	193589914	162643968	87224320	48204368	17198112
90	200	209791428	163008512	87486464	48370864	17198112
91	200	190008319	163061760	87486464	48486968	17198112
92	200	209870382	163131392	87486464	48630192	17198112
93	200	197128770	163192832	87748608	48802208	17198112
94	200	214370121	163508224	87748608	48943808	17198112
95	200	200061328	163594240	87748608	49085408	17198112
96	200	218706739	163926016	88010752	49215160	17198112
97	200	194310491	164257792	88272896	49337008	17198112
98	200	214145283	164384768	88272896	49481576	17198112
99	200	193730920	164618240	88797184	49620520	17198112
100	200	216799474	165281792	89059328	49749424	17198112
101	200	197756938	165359616	89059328	49937064	17198112
102	200	222611196	165425152	89059328	50059048	17198112
103	200	198057430	165490688	89059328	50219464	17198112
104	200	219795415	165756928	89321472	50371448	17198112
105	200	192741578	165871616	89321472	50501704	17198112
106	200	225033008	165937152	89321472	50611496	17198112
107	200	196296251	166268928	89583616	50765760	17198112
108	200	225961003	166596608	89845760	50926440	17198112
109	200	192768918	166658048	89845760	51036608	17198112
110	200	229624246	167006208	90370048	51482544	17198112
111	200	202414026	167555072	90894336	51614512	17198112
112	200	229465992	167919616	90894336	51777048	17198112
113	200	196594834	167981056	90894336	51917064	17198112
114	200	229930685	168046592	90894336	52039320	17198112
115	200	198642881	168435712	91156480	52180920	17198112
116	200	196787854	168505344	91156480	52321560	17198112
117	200	233645527	168833024	91680768	52480376	17198112
118	200	198237737	169185280	91680768	52572952	17198112
119	200	233146620	169259008	91680768	52761704	17198112
120	200	200122048	169447424	91680768	52898624	17198112
121	200	235291571	169684992	91942912	53032328	17198112
122	200	204003638	169852928	91942912	53175728	17198112
123	200	192053297	170106880	92205056	53315528	17198112
124	200	242898059	170516480	92467200	53457128	17198112
125	200	196554024	170844160	92729344	53609800	17198112
126	200	238883277	170921984	92991488	53725584	17198112
127	200	198797127	171237376	92991488	53850368	17198112
128	200	198821700	171778048	93253632	54011880	17198112
129	200	212341807	171843584	93253632	54176880	17198112
130	200	202572786	172470272	94040064	54292288	17198112
131	200	242207912	172601344	94040064	54417344	17198112
132	200	200455575	172695552	93777920	54528616	17198112
133	200	210983786	173035520	94040064	54700840	17198112
134	200	197727357	173101056	94040064	54840568	17198112
135	200	211958415	173170688	94040064	54964632	17198112
136	200	202032377	173240320	94040064	55138096	17198112
137	200	207984361	173391872	94040064	55267336	17198112
138	200	199257340	173649920	94564352	55407928	17198112
139	200	207760210	174043136	94564352	55549416	17198112
140	200	199973465	174096384	94564352	55699656	17198112
141	200	211548801	174161920	94564352	55864376	17198112
142	200	205649225	174428160	95350784	56005976	17198112
143	200	209218753	175366144	95612928	56148600	17198112
144	200	198476382	175456256	95875072	56326296	17198112
145	200	211093196	175517696	95875072	56430776	17198112
146	200	200471773	175927296	95875072	56572376	17198112
147	200	210015003	176259072	96137216	56715712	17198112
148	200	201077152	176328704	96137216	56855576	17198112
149	200	209666609	176390144	96137216	56997176	17198112
150	200	203801614	176713728	96661504	57170408	17198112
151	200	208618939	176771072	96661504	57279416	17198112
152	200	198485503	176857088	96399360	57421016	17198112
153	200	215213005	176922624	96399360	57578080	17198112
154	200	197893037	177217536	96923648	57672408	17198112
155	200	212493647	177577984	96923648	57815176	17198112
156	200	202367987	177971200	97185792	57982248	17198112
157	200	209030915	178089984	97185792	58129016	17198112
158	200	205316779	178241536	97185792	58271576	17198112
159	200	217774899	178327552	97447936	58414912	17198112
160	200	217801284	181035008	99807232	60679736	17198112
161	200	197665910	181092352	99807232	60792568	17198112
162	200	240050380	181432320	100069376	60964528	17198112
163	200	202287979	181493760	100069376	61076792	17198112
164	200	204541927	182706176	101511168	62103064	17198112
165	200	242872245	183111680	101511168	62245784	17198112
166	200	200544481	183177216	101511168	62386472	17198112
167	200	198434754	183250944	101511168	62527864	17198112
168	200	240492208	183492608	102035456	62669464	17198112
169	200	196690978	183902208	102035456	62812184	17198112
170	200	198444341	183959552	102035456	63005848	17198112
171	200	199741129	184008704	102035456	63128816	17198112
172	200	250918969	184242176	102297600	63281344	17198112
173	200	201986309	184668160	102559744	63411304	17198112
174	200	202451509	184848384	102559744	63520376	17198112
175	200	258257958	185180160	103084032	63671784	17198112
176	200	200925035	185769984	103346176	63858960	17198112
177	200	195498706	185839616	103346176	63976680	17198112
178	200	283607513	185905152	103346176	64118280	17198112
179	200	198227317	185970688	103346176	64259880	17198112
180	200	201311955	186286080	103608320	64426584	17198112
181	200	200523333	186347520	103608320	64542120	17198112
182	200	284514431	186675200	103870464	64695064	17198112
183	200	202566394	186793984	103870464	64847792	17198112
184	200	200158957	186949632	103870464	64936912	17198112
185	200	273001677	187228160	104394752	65109480	17198112
186	200	201321757	187621376	104394752	65251080	17198112
187	200	202109060	187691008	104394752	65372432	17198112
188	200	205278077	187760640	104394752	65501512	17198112
189	200	282440960	188346368	104919040	65688072	17198112
190	200	202982074	188395520	104919040	65825376	17198112
191	200	197140516	188456960	105181184	65959080	17198112
192	200	277417778	189050880	105443328	66120592	17198112
193	200	207425516	189112320	105443328	66253984	17198112
194	200	198625402	189181952	105443328	66384904	17198112
195	200	203615318	189493248	105967616	66508968	17198112
196	200	285898075	189845504	105967616	66637216	17198112
197	200	197047499	189952000	105967616	66808680	17198112
198	200	203848738	190017536	105967616	66934720	17198112
199	200	200273184	190296064	106491904	67091880	17206304
200	200	283075568	190926848	106754048	67252448	17198112
201	200	205971395	190984192	106754048	67376352	17198112
202	200	197795980	191328256	107016192	67517152	17198112
203	200	282817859	191389696	107016192	67625024	17198112
204	200	206972351	191479808	107016192	67814856	17198112
205	200	203293557	191823872	107278336	67941952	17198112
206	200	197115443	192151552	107540480	68083552	17198112
207	200	285103293	192221184	107540480	68225152	17198112
208	200	204266164	192774144	108326912	68398784	17198112
209	200	199160137	193138688	108326912	68508352	17198112
210	200	199720575	193187840	108326912	68657848	17198112
211	200	287261375	193339392	108326912	68791552	17198112
212	200	201673323	193413120	108326912	68900384	17198112
213	200	204278265	193478656	108326912	69074752	17198112
214	200	201312774	193810432	108589056	69217376	17198112
215	200	294381651	193888256	108589056	69369656	17198112
216	200	204610829	194695168	109375488	69528952	17198112
217	200	202537691	194777088	109375488	69575616	17198112
218	200	200481307	194826240	109113344	69751720	17198112
219	200	300827233	195420160	109637632	70448640	17198112
220	200	202904285	195743744	109899776	70602104	17198112
221	200	199869684	195788800	109899776	70746112	17198112
222	200	201535468	195846144	109899776	70872496	17198112
223	200	300603003	195989504	110161920	71015056	17198112
224	200	203055473	196505600	110686208	71176568	17198112
225	200	206402747	197103616	111210496	71298608	17198112
226	200	197833413	197185536	111210496	71460160	17198112
227	200	200360734	197255168	111210496	71581456	17198112
228	200	299367397	197304320	110948352	71690288	17198112
229	200	205174367	197369856	110948352	71864656	17198112
230	200	202779534	197623808	111472640	71982280	17198112
231	200	198879012	198012928	111472640	72115984	17198112
232	200	308622848	198070272	111472640	72290328	17198112
233	200	203620336	198193152	111472640	72400920	17198112
234	200	201197233	198737920	111996928	72617400	17198112
235	200	202273238	198856704	111996928	72716176	17198112
236	200	307413257	199004160	111996928	72856752	17198112
237	200	206908538	199061504	111996928	73011016	17198112
238	200	197977560	199393280	112521216	73153432	17198112
239	200	201555051	199725056	112521216	73281552	17198112
240	200	200425219	200040448	112783360	73450960	17198112
241	200	313748741	200114176	113045504	73531024	17198112
242	200	197692242	200429568	113045504	73706352	17198112
243	200	204964611	200486912	113045504	73860144	17198112
244	200	199234799	200794112	113569792	73956784	17198112
245	200	314274558	201539584	113831936	74133912	17198112
246	200	195659999	201969664	113831936	74272752	17198112
247	200	201298363	202043392	113831936	74414352	17198112
248	200	210236323	202104832	113831936	74555952	17198112
249	200	199747831	202170368	113831936	74697552	17198112
250	200	374458499	202498048	114094080	74858120	17198112
251	200	198336636	202543104	114094080	74979792	17198112
252	200	202212434	202874880	114356224	75139560	17198112
253	200	202662399	202940416	114356224	75230224	17198112
254	200	203062467	203268096	114618368	75373792	17198112
255	200	420847866	203333632	114618368	75560696	17198112
256	200	200214703	203673600	115142656	75708664	17198112
257	200	206137212	203825152	115404800	75831128	17198112
258	200	204108704	204386304	115666944	75984616	17198112
259	200	225595045	204992512	115929088	76113552	17198112
260	200	201768008	205254656	116191232	76273432	17198112
261	200	199687949	205357056	116191232	76396752	17198112
262	200	203931472	205676544	116453376	76505584	17198112
263	200	207581203	205746176	116453376	76678992	17198112
264	200	219727050	205803520	116453376	76792752	17198112
265	200	200992168	205942784	116453376	76930384	17198112
266	200	201453613	206016512	116453376	77105776	17198112
267	200	203608030	206098432	116453376	77246352	17198112
268	200	222583318	206422016	116715520	77387952	17198112
269	200	201584504	206483456	116715520	77528592	17198112
270	200	205691883	206802944	116977664	77710184	17198112
271	200	205413005	206864384	116977664	77811792	17198112
272	200	223026311	207564800	117501952	77987744	17198112
273	200	208145828	207712256	118026240	78112208	17198112
274	200	202393252	208297984	118288384	78237552	17198112
275	200	202698638	208351232	118026240	78356496	17198112
276	200	212284106	208748544	118288384	78521776	17198112
277	200	231739821	209084416	118550528	78662352	17198112
278	200	200952700	209317888	118550528	78802992	17198112
279	200	204489936	209383424	118550528	78945552	17198112
280	200	207636522	209702912	118812672	79107712	17198112
281	200	229097498	209760256	118812672	79195024	17198112
282	200	203517892	209825792	118812672	79371128	17198112
283	200	203603589	209891328	118812672	79511952	17198112
284	200	204746309	209948672	118812672	79653552	17198112
285	200	234056907	210219008	119336960	79795152	17198112
286	200	220434171	211103744	119599104	79883744	17198112
287	200	201323340	211222528	119599104	80046592	17198112
288	200	203071633	211562496	119861248	80224304	17198112
289	200	231740944	211636224	119861248	80374072	17198112
290	200	202475168	211714048	120123392	80478280	17198112
291	200	201604779	212017152	120123392	80579216	17198112
292	200	201708615	212078592	120123392	80786352	17198112
293	200	231207325	212402176	120647680	80950424	17198112
294	200	206908433	212770816	120647680	81071288	17198112
295	200	204157516	212836352	120647680	81178384	17198112
296	200	221125929	212901888	120647680	81322016	17198112
297	200	206823899	213495808	121171968	81506544	17198112
298	200	200410680	213827584	121434112	81635952	17198112
299	200	204733963	213901312	121434112	81777552	17198112
300	200	228777950	214228992	121696256	81938120	17198112
301	200	205776619	214282240	121696256	82074544	17198112
302	200	202182668	214601728	121958400	82202680	17198112
303	200	202192549	214687744	121958400	82343320	17198112
304	200	221979479	215007232	122220544	82505792	17198112
305	200	201500608	215072768	122220544	82593752	17198112
306	200	202593729	215150592	122482688	82769760	17198112
307	200	200110053	215535616	122482688	82910680	17198112
308	200	231802930	215601152	122482688	83056248	17198112
309	200	204456405	215855104	123006976	83193880	17198112
310	200	200870389	216248320	123006976	83343376	17198112
311	200	197915272	216297472	123006976	83477080	17198112
312	200	235134076	216567808	123269120	83645320	17198112
313	200	204676786	216682496	123269120	83726552	17198112
314	200	199811102	216748032	123269120	83901880	17198112
315	200	230314503	217059328	123793408	84010712	17198112
316	200	200261530	217653248	124055552	84153432	17198112
317	200	199465007	217722880	124055552	84327704	17198112
318	200	197290342	217788416	124055552	84468280	17198112
319	200	222488738	217862144	124055552	84611616	17198112
320	200	207148677	218189824	124579840	84746520	17198112
321	200	199227590	218255360	124579840	84892120	17198112
322	200	232150026	218300416	124579840	85034680	17198112
323	200	205317823	218869760	125104128	85170576	17198112
324	200	210716175	219598848	125628416	85348288	17198112
325	200	227279945	219668480	125628416	85471568	17198112
326	200	204409376	219717632	125366272	85569328	17198112
327	200	207202498	219791360	125366272	85744720	17206304
328	200	209263608	221958144	127463424	87720304	17198112
329	200	233296368	222027776	127463424	87860944	17198112
330	200	205190347	222076928	127463424	88011400	17198112
331	200	206808737	222392320	127725568	88114416	17198112
332	200	225350085	222461952	127725568	88285744	17198112
333	200	203975768	222793728	127987712	88428304	17198112
334	200	234358134	227098624	132182016	92763248	17198112
335	200	203472284	227160064	132182016	92904848	17198112
336	200	207961813	227495936	132444160	93034584	17198112
337	200	200585244	227733504	132706304	93157296	17198112
338	200	205368466	228102144	132968448	93341024	17198112
339	200	204438157	228458496	133230592	93458816	17198112
340	200	355440344	229040128	133754880	93635216	17198112
341	200	202234232	229101568	133754880	93754480	17198112
342	200	208029896	229163008	133754880	93914248	17198112
343	200	205878156	229412864	133754880	94007608	17198112
344	200	208910851	229724160	133754880	94192904	17198112
345	200	206222607	230064128	134279168	94289072	17198112
346	200	350702280	230113280	134017024	94463440	17198112
347	200	209814624	230182912	134017024	94573296	17198112
348	200	207192268	230514688	134541312	94746640	17198112
349	200	202158340	230879232	134541312	94888216	17198112
350	200	205083530	231268352	135065600	95048808	17198112
351	200	206188722	231342080	135065600	95133392	17198112
352	200	205208158	231682048	135327744	95336920	17198112
353	200	358415425	231751680	135327744	95453680	17198112
354	200	205388083	231776256	135065600	95596240	17198112
355	200	204041341	231841792	135327744	95737840	17198112
356	200	209128486	232423424	135589888	95881176	17198112
357	200	211132573	232509440	135852032	96033560	17198112
358	200	205695411	232833024	136376320	96130896	17198112
359	200	365391870	233418752	136376320	96304240	17198112
360	200	213563185	233472000	136376320	96470944	17198112
361	200	207753851	233529344	136376320	96554672	17198112
362	200	210259250	233586688	136376320	96729040	17198112
363	200	206988536	233652224	136376320	96870640	17198112
364	200	205662103	233947136	136638464	97022624	17198112
365	200	205487110	234074112	136638464	97121072	17198112
366	200	368022252	234426368	137162752	97308104	17198112
367	200	213567362	234754048	137162752	97437040	17198112
368	200	207456245	235081728	137424896	97535776	17198112
369	200	209705891	235151360	137424896	97653744	17198112
370	200	208171258	235208704	137424896	97836968	17198112
371	200	206822349	235266048	137687040	98003440	17198112
372	200	206881640	235839488	138211328	98113392	17198112
373	200	370414985	236175360	138211328	98286640	17198112
374	200	207326409	236265472	138211328	98440760	17198112
375	200	227092362	236658688	138473472	98548144	17198112
376	200	205846059	236720128	138473472	98710480	17198112
377	200	201480920	236785664	138473472	98820272	17198112
378	200	215567477	237146112	138997760	99025064	17198112
379	200	205482506	237215744	138997760	99135280	17198112
380	200	386763069	237432832	139259904	99287472	17198112
381	200	205542963	237834240	139259904	99386672	17198112
382	200	198179531	238161920	139522048	99496968	17198112
383	200	200633056	238223360	139522048	99701680	17198112
384	200	223762249	238551040	139784192	99864152	17198112
385	200	199281259	238616576	139784192	99984880	17198112
386	200	202350523	238944256	140046336	100127440	17198112
387	200	386970922	239013888	140046336	100280744	17198112
388	200	210827669	239370240	140832768	100411664	17198112
389	200	208289935	239681536	140570624	100551280	17198112
390	200	206803509	239943680	140832768	100728376	17198112
391	200	205918851	240050176	140832768	100815192	17198112
392	200	208968487	240115712	140832768	100977816	17198112
393	200	210125530	240173056	140832768	101085872	17198112
394	200	391025243	240238592	140832768	101260240	17198112
395	200	207659484	240508928	141357056	101401840	17198112
396	200	203368742	240893952	141357056	101564616	17198112
397	200	207756121	241221632	141619200	101685040	17198112
398	200	201948546	241324032	141619200	101825680	17198112
399	200	201737743	241389568	141619200	101936496	17198112
400	200	208577092	242057216	142405632	102148736	17198112
401	200	387004822	242110464	142405632	102252776	17198112
402	200	207445877	242397184	142143488	102392616	17198112
403	200	210740572	242479104	142405632	102557648	17198112
404	200	209793071	242556928	142667776	102676776	17198112
405	200	206188159	243118080	142667776	102832304	17198112
406	200	206259986	243265536	142667776	102926248	17198112
407	200	205272432	243654656	143192064	103068808	17198112
408	200	207968788	244248576	143454208	103256656	17198112
409	200	402978645	244314112	143454208	103398464	17198112
410	200	207392163	244363264	143454208	103534272	17198112
411	200	205301944	244412416	143454208	103667976	17198112
412	200	204899703	244469760	143454208	103809576	17198112
413	200	204673715	244740096	143978496	103951176	17198112
414	200	208663376	245567488	144240640	104077264	17198112
415	200	205821736	245641216	144240640	104234376	17198112
416	200	423260168	245911552	144502784	104406272	17198112
417	200	206087676	246026240	144502784	104518352	17198112
418	200	206846073	246099968	144502784	104659176	17198112
419	200	206907748	246185984	144502784	104801800	17198112
420	200	208648237	246251520	144502784	104950272	17198112
421	200	205278954	246575104	145289216	105083976	17198112
422	200	208467120	247152640	145289216	105225576	17198112
423	200	203470397	247222272	145289216	105367176	17198112
424	200	434410149	247287808	145289216	105508776	17198112
425	200	210503216	247611392	145551360	105674928	17198112
426	200	204434450	247672832	145551360	105791016	17198112
427	200	203414528	248012800	145813504	105901976	17198112
428	200	206677745	248086528	145813504	106074216	17198112
429	200	206898594	248750080	146075648	106235792	17198112
430	200	206460278	248811520	146075648	106365312	17198112
431	200	204336408	249200640	146599936	106512640	17198112
432	200	438052664	249536512	146862080	106690888	17198112
433	200	202667814	249606144	146862080	106782216	17198112
434	200	207340217	249651200	146599936	106859240	17198112
435	200	205151792	249901056	147124224	107066376	17198112
436	200	204981026	250314752	147124224	107207976	17198112
437	200	216393918	251699200	148697088	108398152	17198112
438	200	201935728	252026880	148697088	108538792	17198112
439	200	204944188	252092416	148697088	108682376	17198112
440	200	445167769	252137472	148697088	108834816	17198112
441	200	211455818	252375040	149221376	108964552	17198112
442	200	206866873	252985344	149483520	109131752	17198112
443	200	202913610	253362176	149745664	109247752	17198112
444	200	201917204	253431808	149745664	109389352	17198112
445	200	206111178	253493248	149745664	109498184	17198112
446	200	198912056	253562880	149745664	109672552	17198112
447	200	206492259	253632512	149745664	109814152	17198112
448	200	444865641	253964288	150007808	109975664	17198112
449	200	205285002	254029824	150007808	110096392	17198112
450	200	209167352	254361600	150532096	110243384	17198112
451	200	205569952	254427136	150532096	110367832	17198112
452	200	202957695	254509056	150532096	110555120	17198112
453	200	208321798	254574592	150794240	110663752	17198112
454	200	208802762	255098880	151056384	110807088	17198112
455	200	207705878	255463424	151056384	110946952	17206304
456	200	471410654	255791104	151318528	111088552	17198112
457	200	203985070	255926272	151318528	111229192	17198112
458	200	206486462	255991808	151318528	111371752	17198112
459	200	207522318	256634880	151580672	111539024	17198112
460	200	207660227	256684032	151580672	111662912	17198112
461	200	213530670	256737280	151580672	111796552	17198112
462	200	205558672	257007616	152104960	111938152	17198112
463	200	202505939	257396736	152104960	112079752	17198112
464	200	211411453	257720320	152367104	112241264	17198112
465	200	491664064	258048000	152629248	112330184	17198112
466	200	210675974	258117632	152629248	112472560	17198112
467	200	204714707	258191360	152629248	112580616	17198112
468	200	209302904	258613248	153153536	112831600	17198112
469	200	209912479	258736128	153153536	112928392	17198112
470	200	208691012	258789376	153153536	113079872	17198112
471	200	206785415	259084288	153153536	113212552	17198112
472	200	210270798	259334144	153677824	113321384	17198112
473	200	490013740	259731456	153677824	113495752	17198112
474	200	207749699	260063232	153939968	113650016	17198112
475	200	209835568	260399104	154464256	113790024	17198112
476	200	204942756	260460544	154464256	113934032	17198112
477	200	205078805	260521984	154202112	113996616	17198112
478	200	211981790	260583424	154202112	114205488	17198112
479	200	207434076	260644864	154202112	114345352	17198112
480	200	207087888	260956160	154464256	114515784	17198112
481	200	209680732	261013504	154464256	114594824	17198112
482	200	500444274	261259264	154726400	114770152	17198112
483	200	204393132	261390336	154726400	114910792	17198112
484	200	205347577	261722112	154988544	115057320	17198112
485	200	206039638	261783552	154988544	115193992	17198112
486	200	210071970	262148096	155774976	115365952	17198112
487	200	204057603	262471680	155774976	115477192	17198112
488	200	210230490	262705152	156037120	115619752	17198112
489	200	205022489	263376896	156299264	115761352	17198112
490	200	206059510	263430144	156299264	115910848	17198112
491	200	513043528	263483392	156299264	116047312	17198112
492	200	203339147	263553024	156299264	116120616	17198112
493	200	203040565	263618560	156299264	116309584	17198112
494	200	205594967	263884800	156561408	116479736	17198112
495	200	211254418	264003584	156561408	116557632	17198112
496	200	208951449	264364032	157085696	116742792	17198112
497	200	208965906	264433664	157085696	116860936	17198112
498	200	204189347	264744960	157085696	117036264	17198112
499	200	207221651	264814592	157085696	117144136	17198112
500	200	526226037	265175040	157609984	117338432	17198112
501	200	209640281	265261056	157609984	117461552	17198112
502	200	204657923	265334784	157872128	117602128	17198112
503	200	205608910	265838592	157872128	117746424	17198112
504	200	208778610	266506240	158658560	117903496	17198112
505	200	204963218	266833920	158920704	118027888	17198112
506	200	203763291	266878976	158658560	118169488	17198112
507	200	206174747	266956800	158658560	118327344	17198112
508	200	206196147	267288576	158920704	118452688	17198112
509	200	526297308	267358208	158920704	118593328	17198112
510	200	204084547	267427840	159182848	118757264	17198112
511	200	204464676	267501568	159182848	118878512	17198112
512	200	210404460	267833344	159444992	119039000	17198112
513	200	207658713	267919360	159444992	119128856	17198112
514	200	208919069	267976704	159444992	119301328	17198112
515	200	211012238	268201984	159444992	119445624	17198112
516	200	208450846	268324864	159444992	119585488	17198112
517	200	209285520	269201408	159707136	119706984	17198112
518	200	523110851	269271040	159707136	119834960	17198112
519	200	202863462	269606912	160493568	120010288	17198112
520	200	210291061	270376960	160755712	120137400	17198112
521	200	205806848	270491648	160755712	120294512	17198112
522	200	207623735	270577664	161017856	120419528	17198112
523	200	206698633	270635008	161017856	120576688	17198112
524	200	206058263	270688256	160755712	120685520	17198112
525	200	212596398	271155200	161280000	120838192	17198112
526	200	217399687	271224832	161280000	121000528	17198112
527	200	208712921	271552512	161804288	121125536	17198112
528	200	245231237	271904768	161804288	121308568	17198112
529	200	203062837	271970304	161804288	121426288	17198112
530	200	206050219	272007168	161542144	121575784	17198112
531	200	205866187	272257024	162066432	121709488	17198112
532	200	207277446	272646144	162066432	121852112	17198112
533	200	204517722	272973824	162328576	121959920	17198112
534	200	209356935	273043456	162328576	122100560	17198112
535	200	205878657	273113088	162590720	122275888	17198112
536	200	246108781	273698816	162852864	122417488	17198112
537	200	206430843	273764352	162852864	122558128	17198112
538	200	206122123	273915904	162852864	122680584	17198112
539	200	205851503	274231296	163377152	122842288	17198112
540	200	209687977	274575360	163639296	123022920	17198112
541	200	201899044	274636800	163639296	123125488	17198112
542	200	206724981	274673664	163377152	123202576	17198112
543	200	203674649	275005440	163639296	123345712	17198112
544	200	207719770	275345408	164163584	123583680	17198112
545	200	249738734	275419136	164163584	123690928	17198112
546	200	209635725	275701760	164425728	123860128	17198112
547	200	209327963	275820544	164425728	123942528	17198112
548	200	213871984	275857408	164163584	124116688	17198112
549	200	209204008	275927040	164163584	124225520	17198112
550	200	210266971	276267008	164687872	124418856	17198112
551	200	207238426	276578304	164950016	124541488	17198112
552	200	206917676	276627456	164950016	124684888	17198112
553	200	207482585	276938752	164950016	124824688	17198112
554	200	255937648	277270528	165474304	124966288	17198112
555	200	204211880	277598208	165474304	125107888	17198112
556	200	205533683	277663744	165474304	125249488	17198112
557	200	206577073	277729280	165474304	125358320	17198112
558	200	206241411	278331392	165998592	125517128	17198112
559	200	210938186	278396928	165998592	125673328	17198112
560	200	205682961	278753280	166260736	125823592	17198112
561	200	211661705	279064576	166522880	125970968	17198112
562	200	258058222	279130112	166522880	126099152	17198112
563	200	204074589	279195648	166522880	126240688	17198112
564	200	211084570	279433216	166522880	126351256	17198112
565	200	209034525	279560192	166522880	126544192	17198112
566	200	211817360	279842816	167047168	126665488	17198112
567	200	205171346	280485888	167309312	126819280	17198112
568	200	211367107	280563712	167571456	126948688	17198112
569	200	209159599	281145344	167833600	127090288	17198112
570	200	251217177	281194496	167833600	127238824	17198112
571	200	209372265	281513984	168095744	127373040	17198112
572	200	212971403	281833472	168357888	127529440	17198112
573	200	207861506	281907200	168357888	127656752	17198112
574	200	212809758	281972736	168357888	127798288	17198112
575	200	209422323	282378240	168882176	127950960	17198112
576	200	209070442	282468352	168882176	128117648	17198112
577	200	210062719	282525696	168882176	128161576	17198112
578	200	205727384	282587136	168882176	128378168	17198112
579	200	257352297	282648576	168882176	128506288	17198112
580	200	213884875	282931200	169144320	128655784	17198112
581	200	205519940	283271168	169406464	128802152	17198112
582	200	208178426	283336704	169406464	128931088	17198112
583	200	208288384	283656192	169406464	129073712	17206304
584	200	204943891	283779072	169668608	129213328	17198112
585	200	207488658	284094464	169668608	129340288	17198112
586	200	206414615	284352512	169930752	129497488	17198112
587	200	255849514	284487680	169930752	129638128	17198112
588	200	209777979	284798976	170455040	129780688	17198112
589	200	206591726	285143040	170455040	129924024	17198112
590	200	212555646	285200384	170455040	130006248	17198112
591	200	205759869	285253632	170455040	130174960	17198112
592	200	210439902	285859840	171241472	130367000	17198112
593	200	204606329	286011392	171241472	130489712	17198112
594	200	251248978	286076928	171241472	130625960	17198112
595	200	209959896	286142464	171241472	130785368	17198112
596	200	212667234	286674944	171765760	130913488	17198112
597	200	236476009	287010816	171503616	131022320	17198112
598	200	210482183	287285248	171765760	131144096	17198112
599	200	207390303	287399936	171765760	131305728	17198112
600	200	207837696	287739904	172290048	131498856	17198112
601	200	207766409	288075776	172814336	131591584	17198112
602	200	261422258	288362496	172552192	131762456	17198112
603	200	208043113	288690176	172814336	131885936	17198112
604	200	208102374	288755712	172814336	132045656	17198112
605	200	204909900	288821248	172814336	132155448	17198112
606	200	207440699	288894976	172814336	132298056	17198112
607	200	211985118	288964608	172814336	132471416	17198112
608	200	206446031	289304576	173338624	132600160	17198112
609	200	204956422	289366016	173338624	132753656	17198112
610	200	264800747	289673216	173338624	132904112	17198112
611	200	204453213	289722368	173338624	133036856	17198112
612	200	211895333	290066432	173862912	133210104	17198112
613	200	205140469	290398208	174125056	133291008	17198112
614	200	206006848	290471936	174125056	133431016	17198112
615	200	208570438	290545664	173862912	133571448	17198112
616	200	208827665	290648064	173862912	133749784	17198112
617	200	264555231	290992128	174387200	133854648	17198112
618	200	212045554	291311616	174387200	134028056	17198112
619	200	206468531	291811328	174911488	134170616	17198112
620	200	209473244	292184064	174911488	134287344	17198112
621	200	214748815	292237312	174911488	134466008	17198112
622	200	207336985	292302848	174911488	134595416	17198112
623	200	205523060	292585472	175435776	134726720	17198112
624	200	252111750	293208064	175960064	134926192	17198112
625	200	211499581	293339136	175960064	135043992	17198112
626	200	207794778	293408768	175960064	135162632	17198112
627	200	206434891	293695488	175960064	135303456	17198112
628	200	215207103	293761024	175960064	135444096	17198112
629	200	214302940	293826560	175960064	135600136	17198112
630	200	208406721	294158336	176484352	135753360	17198112
631	200	209674380	294211584	176484352	135868896	17198112
632	200	271474022	294268928	176222208	136010496	17198112
633	200	206420897	294535168	177008640	136153056	17198112
634	200	208283155	295182336	177008640	136262912	17198112
635	200	206154320	295247872	177008640	136436256	17198112
636	200	207560598	295313408	177008640	136577856	17198112
637	200	206432080	295583744	177532928	136653920	17198112
638	200	209024319	295976960	177532928	136862792	17198112
639	200	268489013	296038400	177532928	137001696	17198112
640	200	212681509	296370176	178057216	137106528	17198112
641	200	206750743	296435712	178057216	137284896	17198112
642	200	212494717	296472576	177795072	137427456	17198112
643	200	208812380	296775680	178319360	137569056	17198112
644	200	209687042	297115648	178319360	137678912	17198112
645	200	210625978	297181184	178319360	137852256	17198112
646	200	257038305	296755200	178843648	137987232	17198112
647	200	206946019	296828928	178843648	138134496	17198112
648	200	209368347	297541632	178843648	138306456	17198112
649	200	208020425	297861120	179367936	138418656	17198112
650	200	210448213	298692608	180154368	138558576	17198112
651	200	207312501	299053056	180154368	138669088	17198112
652	200	257209078	299077632	179892224	138843456	17198112
653	200	204663654	299413504	180154368	138986744	17198112
654	200	205462255	299470848	180154368	139128408	17198112
655	200	210864112	299556864	180154368	139269944	17198112
656	200	225002178	303570944	184348672	143068704	17198112
657	200	205660072	303652864	184348672	143222200	17198112
658	200	206277192	303702016	184086528	143364760	17198112
659	200	260221425	304099328	184348672	143506360	17198112
660	200	208485858	304148480	184348672	143658864	17198112
661	200	206722045	304205824	184348672	143788600	17198112
662	200	207364730	304308224	184348672	143898392	17198112
663	200	214832812	304480256	184610816	144071464	17198112
664	200	206676836	304693248	184610816	144213400	17198112
665	200	207359724	305115136	184872960	144356984	17198112
666	200	270404649	305549312	185659392	144514768	17198112
667	200	205945346	305876992	185659392	144639160	17198112
668	200	205845105	305205248	185659392	144793424	17198112
669	200	207946875	305684480	185921536	144889592	17198112
670	200	209444333	305725440	185659392	145070896	17198112
671	200	209938142	305762304	185659392	145139064	17198112
672	200	273409566	306307072	186183680	145367072	17198112
673	200	204885578	306651136	186445824	145488760	17198112
674	200	205672059	306954240	186445824	145597592	17198112
675	200	207283496	307277824	186707968	145797984	17198112
676	200	217344319	307855360	186970112	145891176	17198112
677	200	209167201	307974144	186970112	146042440	17198112
678	200	259687615	308035584	186970112	146217064	17198112
679	200	211176384	308097024	186970112	146306312	17198112
680	200	207163518	308154368	186970112	146501336	17198112
681	200	206805293	308482048	187232256	146621560	17198112
682	200	209801125	308903936	187494400	146762200	17198112
683	200	212543896	309223424	187494400	146871992	17198112
684	200	282110327	318074880	196407296	155419408	17198112
685	200	208619620	318148608	196407296	155576632	17198112
686	200	206628129	318390272	196669440	155652632	17198112
687	200	209389075	318910464	196669440	155828736	17198112
688	200	215224925	319254528	197193728	155955744	17198112
689	200	208330218	319594496	197455872	156155632	17198112
690	200	209546128	319655936	197455872	156291504	17198112
691	200	205076413	319709184	197455872	156426168	17198112
692	200	209597896	319741952	197193728	156502232	17198112
693	200	209122842	319848448	197193728	156709368	17198112
694	200	205881289	320163840	197718016	156850968	17198112
695	200	210210015	320507904	197718016	156993592	17198112
696	200	519448133	320839680	197980160	157134168	17198112
697	200	204661262	320942080	197980160	157288288	17198112
698	200	209320207	321003520	197980160	157417368	17198112
699	200	210875616	321101824	198242304	157527984	17198112
700	200	211221797	321691648	198766592	157686768	17198112
701	200	210179496	322007040	199028736	157843296	17198112
702	200	213676647	321269760	199290880	158040136	17198112
703	200	208517589	321499136	199290880	158093136	17198112
704	200	209156801	321839104	199553024	158291176	17198112
705	200	209343752	322420736	199553024	158407936	17198112
706	200	214964691	322506752	199290880	158551520	17198112
707	200	207197596	322568192	199290880	158659328	17198112
708	200	513433393	322797568	199553024	158801936	17198112
709	200	212639966	323219456	199815168	158975296	17198112
710	200	214554660	323411968	199815168	159091064	17198112
711	200	205326935	323477504	199815168	159271160	17206304
712	200	207899890	323604480	200077312	159401832	17198112
713	200	212413515	323874816	200077312	159507968	17198112
714	200	210831411	324112384	200601600	159664008	17198112
715	200	204456506	324546560	200863744	159824896	17198112
716	200	209770072	325169152	201125888	159967520	17198112
717	200	210315816	324804608	201125888	160107136	17198112
718	200	206776412	325009408	201125888	160217544	17198112
719	200	211709750	325074944	201125888	160358528	17198112
720	200	207036928	326078464	202174464	160577912	17198112
721	200	511472844	326238208	202174464	160641176	17198112
722	200	208985829	326156288	201912320	160816096	17198112
723	200	206426147	326209536	201912320	160957696	17198112
724	200	204347688	326537216	202174464	161101032	17198112
725	200	227707868	326967296	202436608	161250944	17198112
726	200	210796827	327385088	202698752	161350752	17198112
727	200	207017800	327462912	202698752	161524096	17198112
728	200	209656119	327745536	202960896	161644368	17198112
729	200	205895687	327991296	202960896	161818528	17198112
730	200	212070654	328048640	202960896	161956792	17198112
731	200	215909874	328105984	202960896	162071208	17198112
732	200	205596047	328507392	203747328	162244760	17198112
733	200	211186823	328818688	203747328	162395208	17198112
734	200	648228617	329138176	204009472	162515296	17198112
735	200	209536814	329187328	203747328	162623168	17198112
736	200	209466934	329564160	204271616	162821168	17198112
737	200	204636482	330612736	204533760	162940096	17198112
738	200	213878762	330674176	204533760	163098904	17198112
739	200	205700151	330735616	204533760	163223296	17198112
740	200	205750483	329875456	204271616	163339064	17198112
741	200	216164454	330563584	204533760	163522752	17198112
742	200	207840468	330534912	204533760	163647136	17198112
743	200	213303895	330588160	204533760	163755416	17198112
744	200	207553339	330661888	204533760	163931296	17198112
745	200	207051826	331526144	205058048	164072896	17198112
746	200	212070195	331960320	205058048	164215520	17198112
747	200	205813535	332132352	205058048	164356096	17198112
748	200	695549563	332214272	205320192	164515144	17198112
749	200	208895679	332783616	205844480	164641032	17198112
750	200	210845674	333385728	206368768	164767096	17198112
751	200	205242287	333529088	206368768	164922496	17198112
752	200	207460810	333860864	206630912	165051240	17198112
753	200	207378698	333041664	206630912	165204736	17198112
754	200	211801808	333803520	206893056	165304808	17198112
755	200	208634642	333922304	206893056	165487936	17198112
756	200	207304470	333991936	206893056	165659560	17198112
757	200	207205735	334155776	207155200	165739800	17198112
758	200	206598743	334286848	207155200	165879968	17198112
759	200	206642163	334422016	206893056	166055296	17198112
760	200	206308448	334741504	207155200	166139256	17198112
761	200	691626735	334823424	207155200	166339272	17198112
762	200	207299616	334897152	207155200	166479136	17198112
763	200	207439336	335003648	207155200	166591152	17198112
764	200	209765586	335495168	207941632	166763296	17198112
765	200	211271903	336138240	207941632	166886776	17198112
766	200	205083125	336195584	207941632	167046496	17198112
767	200	206544324	336322560	207941632	167189120	17198112
768	200	206183890	337207296	208465920	167316840	17198112
769	200	213588079	337272832	208465920	167470336	17198112
770	200	210267509	337518592	208728064	167588024	17198112
771	200	206738720	337993728	208990208	167754496	17198112
772	200	203779975	338051072	208990208	167863328	17198112
773	200	206414539	338165760	208990208	168039432	17198112
774	200	206672639	338296832	209252352	168196504	17198112
775	200	709439285	338649088	209514496	168279104	17198112
776	200	207045839	338726912	209514496	168461544	17198112
777	200	209514202	338817024	209252352	168605128	17198112
778	200	203983176	340021248	209776640	168745704	17198112
779	200	205875064	340619264	210038784	168821768	17198112
780	200	211406187	340938752	210300928	169063440	17198112
781	200	216086964	341270528	210825216	169170504	17198112
782	200	210553757	341573632	210825216	169292864	17198112
783	200	213725372	341630976	210825216	169433128	17198112
784	200	206587299	341729280	211087360	169615216	17198112
785	200	206976757	341790720	211087360	169738640	17198112
786	200	210996083	341835776	210825216	169878504	17198112
787	200	208936452	341897216	210825216	170021128	17198112
788	200	207949744	342327296	211349504	170161704	17198112
789	200	708394594	342663168	211349504	170269984	17198112
790	200	206617071	342720512	211349504	170451840	17198112
791	200	213851404	342777856	211349504	170606808	17198112
792	200	211465329	343126016	211873792	170749280	17198112
793	200	206733941	343289856	211873792	170868744	17198112
794	200	206519615	343597056	212135936	171011304	17198112
795	200	206739195	343183360	212135936	171152904	17198112
796	200	212965622	343425024	212135936	171262904	17198112
797	200	215978154	343502848	212398080	171383232	17198112
798	200	207799235	344158208	212922368	171549824	17198112
799	200	209762075	344498176	212922368	171700016	17198112
800	200	211591484	344829952	213446656	171867032	17198112
801	200	208175336	344891392	213446656	172001888	17198112
802	200	209695256	344932352	213184512	172144448	17198112
803	200	211191979	344997888	213184512	172254312	17198112
804	200	718641921	345313280	213708800	172427648	17198112
805	200	209844536	345669632	213708800	172569248	17198112
806	200	211835349	345939968	213970944	172688464	17198112
807	200	207224326	346222592	213970944	172818720	17198112
808	200	208861118	346304512	213970944	172995072	17198112
809	200	206720369	346386432	213970944	173072288	17198112
810	200	215156977	346726400	214495232	173316280	17198112
811	200	209070189	346791936	214495232	173417888	17198112
812	200	207800860	346894336	214495232	173527680	17198112
813	200	208905584	347226112	214757376	173701088	17198112
814	200	212935792	347549696	214757376	173809920	17198112
815	200	212596099	347402240	215019520	173952456	17198112
816	200	209722632	348147712	215805952	174127472	17198112
817	200	208743971	348315648	215805952	174268448	17198112
818	200	737957331	348622848	216068096	174390968	17198112
819	200	204691383	348925952	216068096	174566944	17198112
820	200	204099404	348975104	216068096	174701120	17198112
821	200	208891998	349097984	216068096	174834848	17198112
822	200	206199131	349167616	215805952	174978184	17198112
823	200	207408847	349495296	216330240	175118048	17198112
824	200	208808386	349876224	216330240	175194112	17198112
825	200	221274620	350498816	216592384	175412320	17198112
826	200	206326965	350711808	216592384	175511344	17198112
827	200	211357049	350834688	216592384	175684448	17198112
828	200	212877147	351051776	216854528	175844280	17198112
829	200	209975551	351371264	217378816	175967648	17198112
830	200	212372055	351698944	217378816	176117144	17198112
831	200	207463353	352002048	217378816	176250848	17198112
832	200	207429614	352505856	218165248	176389976	17198112
833	200	752348151	352198656	218165248	176514760	17198112
834	200	202561848	352587776	218165248	176643656	17198112
835	200	205743395	352657408	218165248	176817248	17198112
836	200	211621204	352563200	217903104	176962816	17198112
837	200	211236182	352890880	218165248	177112640	17198112
838	200	209484627	352976896	218165248	177241088	17198112
839	200	210418502	353333248	218689536	177351904	17206304
840	200	209542774	353722368	218951680	177545808	17198112
841	200	207553969	353792000	218951680	177666848	17198112
842	200	215532063	353832960	218689536	177775800	17198112
843	200	208700794	354172928	219213824	177972520	17198112
844	200	208977773	354566144	219475968	178026112	17198112
845	200	208201066	354619392	219213824	178232288	17198112
846	200	216572366	354971648	220000256	178392056	17198112
847	200	209157778	355291136	220000256	178517224	17198112
848	200	787098465	355622912	220262400	178677960	17198112
849	200	209495162	356618240	220524544	178767904	17198112
850	200	209761054	356958208	220786688	178942392	17198112
851	200	206752274	357048320	220786688	179082848	17198112
852	200	214394213	357068800	220524544	179224448	17198112
853	200	206328118	357134336	220524544	179366048	17198112
854	200	208479572	356904960	220524544	179507648	17198112
855	200	208766486	357150720	221048832	179649248	17198112
856	200	207084008	357556224	221048832	179790848	17198112
857	200	208850907	357625856	221048832	179900440	17198112
858	200	211071665	357998592	221310976	180067920	17198112
859	200	208198723	358068224	221310976	180217448	17198112
860	200	211142469	358117376	221310976	180365144	17198112
861	200	206983727	358436864	221573120	180498848	17198112
862	200	210286914	358604800	221835264	180652152	17198112
863	200	788459796	359120896	222097408	180749280	17198112
864	200	211195494	359833600	222883840	180972960	17198112
865	200	205737549	359899136	222883840	181065248	17198112
866	200	217134820	360038400	222621696	181206848	17198112
867	200	211450402	360099840	222621696	181361928	17198112
868	200	212202407	360161280	222621696	181490048	17198112
869	200	203448166	359956480	223145984	181632672	17198112
870	200	208284470	360706048	223408128	181781144	17198112
871	200	205896297	360771584	223408128	181822208	17198112
872	200	207601751	360914944	223408128	182025920	17198112
873	200	213633513	360972288	223145984	182198048	17198112
874	200	235337993	363401216	225767424	184436800	17198112
875	200	212560295	363995136	226029568	184556704	17198112
876	200	207031934	364167168	226029568	184720000	17198112
877	200	209091914	364232704	226029568	184861600	17198112
878	200	209419773	364294144	226029568	184970432	17198112
879	200	811847851	364630016	226553856	185145824	17198112
880	200	213244905	365461504	227078144	185318176	17198112
881	200	206289066	365547520	227078144	185395232	17198112
882	200	210645637	365608960	227078144	185586808	17198112
883	200	209866541	365936640	227340288	185723864	17198112
884	200	212073622	366206976	227602432	185878400	17198112
885	200	207774652	366342144	227602432	185994400	17198112
886	200	211001839	366387200	227340288	186070464	17198112
887	200	213654285	366489600	227340288	186277600	17198112
888	200	209238646	366854144	227864576	186419200	17198112
889	200	206653392	367206400	227864576	186560800	17198112
890	200	208161875	367259648	227864576	186711320	17198112
891	200	209931898	367190016	227864576	186856192	17198112
892	200	207350817	367509504	228388864	186985600	17198112
893	200	209492794	367853568	228388864	187127200	17198112
894	200	208559504	368201728	228388864	187236032	17198112
895	200	817394517	368271360	228651008	187377632	17198112
896	200	212721897	368877568	229175296	187540880	17198112
897	200	209551162	368955392	229175296	187708896	17198112
898	200	207507865	369319936	229699584	187802432	17198112
899	200	210016924	369643520	229699584	187976800	17198112
900	200	215980842	370188288	229961728	188155600	17198112
901	200	208934327	370253824	229961728	188271184	17198112
902	200	210419948	370311168	229961728	188400264	17198112
903	200	211438870	370597888	229961728	188563136	17198112
904	200	208296486	370921472	230223872	188671248	17198112
905	200	212387055	371056640	230223872	188836768	17198112
906	200	209786454	371195904	230223872	188966664	17198112
907	200	208779231	371269632	230223872	189075496	17198112
908	200	211314218	371523584	230748160	189251600	17198112
909	200	205846454	371994624	230748160	189358696	17198112
910	200	208050479	372252672	231010304	189519600	17198112
911	200	832770022	372367360	231272448	189641504	17198112
912	200	213245228	372965376	231796736	189836744	17198112
913	200	206718261	373035008	231796736	189957472	17198112
914	200	210575415	373153792	231534592	190100032	17198112
915	200	207032443	373219328	231534592	190208864	17198112
916	200	209322661	373338112	231534592	190383232	17198112
917	200	207661554	373645312	231796736	190524832	17198112
918	200	212244379	374046720	232321024	190643776	17198112
919	200	211839554	374124544	232321024	190776040	17198112
920	200	221261698	374210560	232321024	190960288	17198112
921	200	208331904	374464512	232321024	191090728	17198112
922	200	209476726	374558720	232321024	191233288	17198112
923	200	211620595	374439936	232845312	191374888	17198112
924	200	208883139	374824960	232845312	191520456	17198112
925	200	208533778	375164928	233107456	191669160	17198112
926	200	212609942	375230464	233107456	191745856	17198112
927	200	829004660	375349248	233107456	191941288	17198112
928	200	208659887	375713792	233893888	192102800	17198112
929	200	214361239	376041472	233893888	192223528	17198112
930	200	211832582	376078336	233631744	192373984	17198112
931	200	207986934	376320000	233893888	192509224	17198112
932	200	210517736	376549376	234156032	192649824	17198112
933	200	230770412	376819712	234156032	192793160	17198112
934	200	212094526	377307136	234156032	192933024	17198112
935	200	213719289	377589760	234680320	193088104	17198112
936	200	210284234	378200064	235204608	193260072	17198112
937	200	210528829	378343424	235204608	193325056	17198112
938	200	209412406	378392576	234942464	193499424	17198112
939	200	208837856	378462208	234942464	193641024	17198112
940	200	209918744	378523648	234942464	193790520	17198112
941	200	212639646	378830848	235466752	193893608	17198112
942	200	209651277	379277312	235466752	194033384	17198112
943	200	206763609	379342848	235466752	194207752	17198112
944	200	850058949	379695104	236253184	194336496	17198112
945	200	212826724	380010496	236253184	194503920	17198112
946	200	209143589	380067840	236253184	194599784	17198112
947	200	210727644	380379136	236253184	194774152	17198112
948	200	208287300	380444672	236253184	194927456	17198112
949	200	207746481	380878848	236515328	195025752	17198112
950	200	211493622	381255680	236777472	195217920	17198112
951	200	210463032	381321216	236777472	195341008	17198112
952	200	216298064	381378560	236777472	195496024	17198112
953	200	211564756	381718528	237563904	195646864	17198112
954	200	208293450	382091264	237563904	195782952	17198112
955	200	211681059	382152704	237563904	195907344	17198112
956	200	210149387	382197760	237301760	196048944	17198112
957	200	207409080	382509056	237826048	196192280	17198112
958	200	207852020	382849024	237826048	196332144	17198112
959	200	205231491	382922752	237826048	196473744	17198112
960	200	208093127	383381504	238350336	196643152	17198112
961	200	868478901	383655936	238612480	196757336	17198112
962	200	207622788	384167936	238874624	196909256	17198112
963	200	207543609	384544768	239136768	197040472	17198112
964	200	205662353	384593920	238874624	197182072	17198112
965	200	210132737	384659456	238874624	197323672	17198112
966	200	208764076	384995328	239136768	197465272	17198112
967	200	212193458	385191936	239136768	197605912	17206304
968	200	207425326	385363968	239136768	197719672	17198112
969	200	212756545	385613824	239398912	197916216	17198112
970	200	214595825	385740800	239398912	198040344	17198112
971	200	206919289	386035712	239923200	198141632	17198112
972	200	218620501	386404352	240185344	198312856	17198112
973	200	215053256	386473984	240185344	198456800	17198112
974	200	207248409	386777088	240185344	198565632	17198112
975	200	212207570	387117056	240709632	198734560	17198112
976	200	215529171	387207168	240709632	198901512	17198112
977	200	208856655	387284992	240971776	199023200	17198112
978	200	861017674	387567616	240709632	199164800	17198112
979	200	208659864	387637248	240709632	199306400	17198112
980	200	207893168	387956736	240971776	199423128	17198112
981	200	210889190	388009984	240971776	199588968	17198112
982	200	209002251	388280320	241233920	199733328	17198112
983	200	210024347	388546560	241233920	199840360	17198112
984	200	209336109	388870144	241758208	199981960	17198112
985	200	209157741	389476352	242020352	200123560	17198112
986	200	209473060	389550080	242020352	200311384	17198112
987	200	210649920	389722112	242020352	200439528	17198112
988	200	212201250	390021120	242282496	200593816	17198112
989	200	213841015	390139904	242282496	200691304	17198112
990	200	215279008	390483968	242806784	200891736	17198112
991	200	212588315	390533120	242806784	201018272	17198112
992	200	210652071	390172672	243068928	201170232	17198112
993	200	211730999	390578176	243331072	201256696	17198112
994	200	213752779	391127040	243068928	201434888	17198112
995	200	210020012	391360512	243068928	201575080	17198112
996	200	880146137	391692288	243331072	201717008	17198112
997	200	211296927	391790592	243331072	201857176	17198112
998	200	216545334	392105984	243855360	202000864	17198112
999	200	209225604	392482816	243855360	202155096	17198112
1000	200	213179405	392826880	244379648	202240048	17198112
1001	15	20545567	392884224	244379648	202259536	17198112
