block	steps	btime	rss	heapTotal	heapUsed	external
1	200	201486656	139845632	74747904	32609320	17207191
2	200	184942545	139804672	74485760	32713616	17198112
3	200	194501277	139943936	74485760	33027576	17198112
4	200	178954677	140189696	74719232	33401880	17198112
5	200	179869549	140267520	74719232	33624272	17198112
6	200	179066909	140328960	74719232	33949744	17198112
7	200	182045222	140607488	74981376	34487096	17198112
8	200	178569989	140898304	75210752	34985272	17198112
9	200	180875968	141197312	75472896	35283616	17198112
10	200	184065467	141238272	75472896	35556616	17198112
11	200	179693070	142626816	76259328	35868768	17198112
12	200	179569131	142663680	76259328	36127536	17198112
13	200	182523793	142680064	76259328	36383160	17198112
14	200	181812883	142958592	76521472	36682224	17198112
15	200	182443932	142966784	76521472	36913464	17198112
16	200	184757077	143691776	77242368	37699752	17198112
17	200	179562566	144252928	78028800	37940672	17198112
18	200	183083959	144539648	78290944	38250256	17198112
19	200	187361901	144654336	78290944	38507976	17198112
20	200	182646088	144748544	78290944	38769896	17198112
21	200	185791024	145641472	79077376	39148992	17198112
22	200	184849890	145641472	79077376	39361640	17198112
23	200	185615717	146173952	79601664	39670920	17198112
24	200	187393651	146493440	79863808	39969328	17198112
25	200	190209923	146984960	80125952	40246328	17198112
26	200	188022473	147144704	80388096	40511800	17198112
27	200	189381302	147697664	80650240	40771440	17198112
28	200	192286715	148037632	81174528	41095224	17198112
29	200	193035923	149086208	81698816	41876552	17198112
30	200	186323627	149209088	81698816	42118520	17198112
31	200	188251672	149217280	81698816	42397856	17198112
32	200	187864462	150441984	82878464	43591048	17198112
33	200	182288536	150441984	82878464	43825328	17198112
34	200	185355696	150495232	82878464	44058680	17198112
35	200	181645794	150495232	82878464	44330840	17198112
36	200	184328910	151019520	83402752	44604920	17198112
37	200	187435253	151166976	83402752	44783184	17198112
38	200	184153691	151273472	83664896	45078016	17198112
39	200	188680449	151773184	83927040	45386416	17198112
40	200	192621475	152174592	84189184	45598200	17198112
41	200	182581783	152731648	84975616	46049688	17198112
42	200	186595762	153276416	85237760	46343544	17198112
43	200	187518074	153403392	85237760	46640272	17198112
44	200	191353562	153477120	85499904	46886152	17198112
45	200	188316475	154034176	86024192	47102216	17198112
46	200	189512769	154365952	86024192	47387784	17198112
47	200	189019940	154595328	86286336	47644000	17198112
48	200	186896599	154951680	86548480	47919744	17198112
49	200	189947300	155340800	86810624	48125080	17198112
50	200	191791281	155897856	87072768	48423368	17198112
51	200	191374111	156172288	87334912	48671760	17198112
52	200	191062008	156647424	87597056	48920384	17198112
53	200	189998895	156704768	87597056	49161928	17198112
54	200	195929884	157233152	88121344	49445184	17198112
55	200	184570755	157638656	88391680	49766888	17198112
56	200	192702622	157900800	88653824	50053576	17198112
57	200	190038554	158089216	88915968	50305256	17198112
58	200	199549474	158572544	89178112	50571592	17198112
59	200	180866018	158711808	89178112	50824336	17198112
60	200	196362524	159039488	89702400	51083880	17198112
61	200	191734153	159420416	89964544	51331552	17198112
62	200	190827261	159862784	90226688	51582240	17198112
63	200	191652753	162095104	92585984	53670048	17198112
64	200	186940196	162803712	92848128	53922656	17198112
65	200	187874014	162967552	92848128	54145576	17198112
66	200	187531187	163135488	93110272	54399568	17198112
67	200	191984468	163336192	93372416	54653272	17198112
68	200	188390803	163598336	93634560	54915432	17198112
69	200	188140709	163860480	93896704	55188640	17198112
70	200	186361408	164175872	94158848	55448216	17198112
71	200	187628996	164294656	94158848	55693264	17198112
72	200	198218213	165933056	95469568	57011784	17198112
73	200	196982318	166146048	95993856	57249112	17198112
74	200	183226776	166580224	95993856	57500176	17198112
75	200	198848953	166866944	96256000	57764048	17206304
76	200	192442358	167153664	96780288	58005688	17198112
77	200	182020996	167403520	97042432	58225808	17198112
78	200	195899978	168161280	97304576	58537928	17198112
79	200	194932350	168480768	97566720	58764176	17198112
80	200	192378390	168898560	97828864	59044784	17198112
81	200	197398233	169017344	98353152	59284232	17198112
82	200	186636484	170319872	99549184	59948560	17198112
83	200	200071301	170725376	99549184	60201360	17198112
84	200	197082142	170729472	99549184	60486928	17198112
85	200	184667836	170852352	99549184	60754856	17198112
86	200	197375013	170852352	99549184	60972424	17198112
87	200	182419374	171114496	99811328	61245328	17198112
88	200	200975582	171397120	100073472	61502096	17198112
89	200	186127335	171687936	100335616	61722552	17198112
90	200	200890995	172023808	100597760	62028832	17198112
91	200	180014162	172199936	100859904	62256528	17198112
92	200	202523293	172445696	101122048	62510352	17198112
93	200	184707914	173043712	101646336	62729360	17198112
94	200	202369621	173584384	101908480	62982736	17198112
95	200	181131765	174022656	102170624	63268248	17198112
96	200	201641455	174440448	102432768	63542136	17198112
97	200	183535542	174440448	102432768	63772888	17198112
98	200	202194320	174669824	102957056	63995672	17198112
99	200	181071292	174968832	102957056	64279504	17198112
100	200	210851611	175239168	103219200	64552376	17198112
101	200	192343160	175566848	103743488	64788160	17198112
102	200	202345742	175767552	103743488	65055432	17198112
103	200	183078285	175927296	104005632	65261760	17198112
104	200	207370210	176234496	104267776	65525832	17198112
105	200	188498806	176455680	104529920	65801760	17198112
106	200	202143653	176713728	104792064	66055360	17198112
107	200	183316105	176975872	105054208	66292960	17198112
108	200	242345275	177393664	105316352	66592120	17198112
109	200	188214255	177393664	105316352	66783280	17198112
110	200	226261641	177881088	106102784	67308928	17198112
111	200	185335552	178442240	106364928	67585576	17198112
112	200	220116954	178704384	106627072	67859928	17198112
113	200	188537296	178872320	106889216	68081512	17198112
114	200	220509294	179273728	107413504	68346472	17198112
115	200	187976375	179617792	107413504	68599984	17198112
116	200	186419845	179732480	107675648	68853584	17198112
117	200	226122727	180326400	107937792	69123440	17198112
118	200	183918422	180588544	108199936	69360848	17198112
119	200	228069771	180850688	108462080	69597696	17198112
120	200	185458946	181112832	108724224	69877776	17198112
121	200	223196422	181268480	108724224	70123392	17198112
122	200	192345471	181624832	108986368	70350536	17198112
123	200	185330367	181886976	109248512	70600136	17198112
124	200	230272229	182149120	109510656	70852832	17198112
125	200	201430648	186167296	113442816	74818968	17198112
126	200	226053562	186499072	114229248	75078656	17198112
127	200	185690535	186933248	114753536	75315048	17198112
128	200	195211854	187539456	115015680	75588560	17198112
129	200	200008816	187539456	115015680	75834984	17198112
130	200	187250538	188010496	115539968	76094200	17198112
131	200	225883535	188067840	115539968	76329544	17198112
132	200	187102693	188309504	115539968	76587024	17198112
133	200	197398841	188309504	115539968	76836536	17198112
134	200	187948289	187559936	115802112	77090256	17198112
135	200	200145825	188391424	116064256	77357872	17198112
136	200	191428241	188956672	116588544	77610936	17198112
137	200	199068438	189255680	116588544	77850872	17198112
138	200	189529657	189542400	116850688	78104656	17198112
139	200	199097318	189743104	117112832	78358256	17198112
140	200	188983892	190021632	117374976	78619752	17198112
141	200	199849026	191885312	117637120	78865272	17198112
142	200	188878162	190562304	118161408	79086040	17198112
143	200	200498046	191082496	118423552	79373680	17198112
144	200	187873342	191778816	119209984	79630360	17198112
145	200	197169826	191778816	119209984	79879856	17198112
146	200	183692765	191762432	118947840	80133184	17198112
147	200	199718554	191307776	119472128	80388792	17198112
148	200	189040928	191455232	119472128	80640656	17198112
149	200	197379454	192376832	119996416	80894256	17198112
150	200	188458441	192552960	120258560	81179240	17198112
151	200	197602506	192180224	120258560	81401456	17198112
152	200	185778125	192712704	120520704	81655056	17198112
153	200	200268721	193400832	120782848	81923160	17198112
154	200	186011272	193024000	121044992	82162256	17198112
155	200	199142158	193097728	121307136	82415920	17198112
156	200	190974880	194097152	121569280	82665024	17198112
157	200	203112064	193642496	121831424	82923056	17198112
158	200	185590451	193916928	121831424	83175512	17198112
159	200	203269838	194768896	122617856	83431744	17198112
160	200	205182670	197959680	125239296	85808816	17198112
161	200	184788271	197959680	125239296	86034424	17198112
162	200	230235012	198221824	125501440	86317672	17198112
163	200	191980584	197668864	125763584	86542832	17198112
164	200	190184205	199159808	126681088	87712728	17198112
165	200	231947853	199892992	126943232	87966512	17198112
166	200	186484535	199430144	127205376	88220176	17198112
167	200	185767574	199692288	127467520	88473528	17198112
168	200	229513996	199909376	127729664	88695872	17198112
169	200	185423469	200413184	127729664	88980040	17198112
170	200	194782958	200712192	127991808	89255888	17198112
171	200	185084984	200642560	128253952	89459856	17198112
172	200	227717754	201244672	128516096	89724224	17198112
173	200	187716195	201519104	129040384	89966936	17198112
174	200	182958884	201297920	129302528	90248960	17198112
175	200	242951466	202293248	129826816	90513632	17198112
176	200	189092650	202760192	130088960	90747272	17198112
177	200	184207742	202768384	130088960	91009848	17198112
178	200	238792918	202801152	130351104	91263360	17198112
179	200	188040399	203034624	130613248	91517024	17198112
180	200	193120105	203468800	131137536	91795696	17198112
181	200	186347460	203821056	131399680	92024160	17198112
182	200	246095704	204185600	131399680	92288144	17198112
183	200	185970689	204582912	131923968	92553832	17198112
184	200	186429752	204517376	131923968	92786824	17198112
185	200	239842927	204709888	132186112	93038560	17198112
186	200	184834849	204836864	132448256	93259208	17198112
187	200	194256573	204935168	132448256	93559328	17198112
188	200	186349392	204894208	132710400	93799176	17198112
189	200	247421471	205672448	132972544	94065152	17198112
190	200	192596733	206139392	133234688	94281752	17198112
191	200	188152074	206618624	133758976	94560160	17198112
192	200	249465278	206852096	134021120	94833672	17198112
193	200	190580961	207364096	134283264	95080024	17198112
194	200	187869190	207519744	134283264	95321024	17198112
195	200	191286875	207695872	134545408	95561728	17198112
196	200	259931290	207958016	134807552	95799664	17198112
197	200	190733948	207564800	135069696	96052328	17198112
198	200	193361657	207912960	135331840	96352656	17198112
199	200	194109765	208490496	136380416	97113344	17198112
200	200	255027473	209489920	136904704	97386712	17198112
201	200	186836506	209698816	136904704	97623480	17198112
202	200	188687520	209764352	136904704	97844064	17198112
203	200	252884954	209813504	137166848	98131448	17206304
204	200	190327284	210739200	137428992	98400136	17198112
205	200	192813857	210526208	137691136	98640216	17198112
206	200	185836668	210681856	137691136	98893472	17198112
207	200	263411063	210350080	137953280	99118984	17198112
208	200	194316317	211509248	138739712	99435536	17198112
209	200	188471983	212107264	138739712	99657816	17198112
210	200	188359192	212234240	139264000	99920112	17198112
211	200	253334848	212598784	139264000	100166680	17198112
212	200	193972328	212180992	139526144	100421080	17198112
213	200	189961036	212807680	139788288	100675416	17198112
214	200	190649216	212340736	140050432	100930656	17198112
215	200	271791568	212873216	140312576	101165952	17198112
216	200	189533150	213573632	141099008	101468104	17198112
217	200	189254658	213327872	141099008	101660248	17198112
218	200	186993929	213577728	140836864	101946456	17198112
219	200	280504118	214700032	141623296	102695520	17198112
220	200	191954463	214376448	142147584	102992368	17198112
221	200	185746319	215322624	142409728	103219208	17198112
222	200	190968139	214790144	142671872	103459080	17198112
223	200	280018514	215232512	142934016	103713032	17198112
224	200	190952585	216522752	143458304	104018032	17198112
225	200	191692163	217063424	143982592	104285640	17198112
226	200	185315291	216698880	143982592	104527288	17198112
227	200	188131434	217284608	144244736	104728552	17198112
228	200	285377514	217321472	144244736	105015720	17198112
229	200	189377591	217501696	144506880	105209728	17198112
230	200	190979143	217763840	144769024	105533400	17198112
231	200	190886534	217944064	144769024	105747048	17198112
232	200	298067710	218333184	145031168	106003712	17198112
233	200	188483435	217968640	145293312	106261632	17198112
234	200	195700468	219250688	146341888	106586864	17198112
235	200	194099064	219107328	146341888	106798504	17198112
236	200	293195449	218566656	146341888	107051816	17198112
237	200	189624990	218869760	146604032	107318880	17198112
238	200	189742353	219295744	146866176	107573912	17198112
239	200	187169200	219963392	147128320	107815080	17198112
240	200	191016675	220577792	147390464	108097040	17198112
241	200	301510664	220078080	147914752	108323816	17198112
242	200	189509961	221061120	147914752	108578216	17198112
243	200	187652851	221278208	147914752	108843664	17198112
244	200	190723851	221540352	148176896	109054248	17198112
245	200	305759473	221843456	148439040	109312880	17198112
246	200	188330836	221196288	148701184	109566568	17198112
247	200	188174679	221986816	148963328	109850216	17198112
248	200	191643300	222494720	149225472	110071664	17198112
249	200	188935700	222355456	149487616	110359016	17198112
250	200	337986746	229634048	157351936	117972416	17198112
251	200	187630655	230637568	157614080	118207664	17198112
252	200	192992186	231038976	157876224	118479456	17198112
253	200	193191078	230567936	158138368	118716648	17198112
254	200	190528830	230572032	158138368	118943336	17198112
255	200	308189518	231403520	158662656	119239952	17198112
256	200	194391075	232013824	158924800	119499576	17198112
257	200	186539310	231473152	159186944	119735984	17198112
258	200	191636214	232656896	159449088	119968544	17198112
259	200	216716235	231997440	159711232	120243048	17198112
260	200	196624689	232357888	160235520	120487304	17198112
261	200	190663579	233086976	160497664	120751848	17198112
262	200	189668931	233299968	160235520	121006248	17198112
263	200	187999818	233373696	160497664	121260464	17198112
264	200	205771734	233963520	160759808	121486248	17198112
265	200	189997243	234545152	161021952	121736768	17198112
266	200	196205885	233820160	161284096	122024960	17198112
267	200	190098751	234139648	161546240	122278256	17198112
268	200	216048559	234582016	161546240	122531688	17198112
269	200	195509469	235184128	162070528	122787048	17198112
270	200	193628528	235192320	162332672	123080232	17198112
271	200	192459834	235872256	162332672	123295664	17198112
272	200	213553773	236032000	162856960	123554320	17198112
273	200	191921666	235593728	163643392	123820904	17198112
274	200	190608773	237031424	163643392	124058864	17198112
275	200	189772202	236519424	163905536	124324520	17198112
276	200	188398707	237150208	164167680	124536104	17198112
277	200	216044891	237473792	164429824	124822248	17198112
278	200	195113208	237084672	164429824	125076648	17198112
279	200	187993104	237363200	164691968	125330296	17198112
280	200	189212735	237858816	164954112	125605824	17198112
281	200	219676534	237600768	164954112	125838920	17198112
282	200	194054274	238329856	165478400	126095736	17198112
283	200	189057478	238784512	165478400	126348400	17198112
284	200	193850201	240091136	166002688	126602800	17198112
285	200	219308216	240308224	166002688	126857448	17198112
286	200	189139726	239509504	166264832	127090488	17198112
287	200	189292347	239976448	166526976	127366248	17198112
288	200	195969311	239865856	167313408	127657856	17198112
289	200	214508053	240345088	167313408	127858352	17198112
290	200	188169401	241704960	167837696	128137344	17198112
291	200	191882110	242401280	168099840	128383664	17198112
292	200	193777736	241790976	168099840	128638000	17198112
293	200	214362417	243146752	168624128	128914872	17198112
294	200	190443571	243421184	168886272	129148784	17198112
295	200	189679830	243204096	168624128	129401264	17198112
296	200	210528610	243580928	169148416	129656688	17198112
297	200	190960231	243101696	169148416	129922440	17198112
298	200	191474421	243654656	169410560	130164648	17198112
299	200	193194009	244330496	169934848	130419112	17198112
300	200	217444318	244330496	170459136	130692416	17198112
301	200	194751044	244346880	170459136	130941456	17198112
302	200	194390823	245256192	170721280	131182576	17198112
303	200	191695432	244514816	170721280	131436976	17198112
304	200	210693874	245358592	171507712	131711040	17198112
305	200	189951971	246075392	171507712	131913040	17198112
306	200	195069478	246333440	172032000	132233624	17198112
307	200	190212964	245956608	172032000	132387896	17198112
308	200	215847897	246763520	172294144	132713032	17198112
309	200	191075789	247185408	172294144	132930608	17198112
310	200	191161064	247406592	172818432	133225672	17198112
311	200	192310777	246849536	172818432	133472240	17198112
312	200	249924471	248057856	173342720	133752968	17198112
313	200	197764116	248020992	173604864	133980976	17198112
314	200	196838020	248270848	173604864	134235192	17198112
315	200	222283294	248459264	173867008	134489776	17198112
316	200	199116281	248156160	174129152	134714848	17198112
317	200	191492661	248426496	174391296	134999600	17198112
318	200	194073538	248573952	174391296	135220208	17198112
319	200	218794885	249745408	174915584	135509112	17198112
320	200	198948786	249311232	175439872	135789400	17198112
321	200	191502188	249253888	175439872	136016176	17198112
322	200	222460275	250417152	175702016	136270328	17198112
323	200	191010200	250159104	176226304	136519088	17198112
324	200	189775060	250449920	176488448	136809784	17198112
325	200	216245547	250568704	176750592	137015832	17198112
326	200	192589923	251088896	177012736	137289192	17198112
327	200	196162953	251023360	177274880	137544432	17198112
328	200	197088716	254042112	179372032	139633000	17198112
329	200	219472439	253497344	179634176	139887400	17198112
330	200	199372169	254230528	179896320	140149696	17198112
331	200	194153689	254705664	179896320	140368496	17206304
332	200	215350092	254353408	180420608	140650600	17198112
333	200	187862962	254889984	180420608	140904816	17198112
334	200	220880732	259424256	184877056	145320936	17198112
335	200	191345598	259780608	185139200	145608136	17198112
336	200	192910858	259813376	185401344	145882264	17198112
337	200	186730793	260206592	185663488	146117960	17198112
338	200	195564193	259690496	185925632	146348952	17198112
339	200	197604604	260374528	186449920	146613360	17198112
340	200	335298277	261148672	186712064	146901512	17198112
341	200	192445550	261488640	186974208	147134536	17198112
342	200	192225299	262037504	187236352	147406144	17198112
343	200	194490389	261681152	187498496	147612120	17198112
344	200	192126914	261758976	187498496	147909440	17198112
345	200	186985278	262569984	187760640	148152200	17198112
346	200	322770245	262209536	188284928	148406536	17198112
347	200	191515577	262385664	188284928	148633480	17198112
348	200	191703410	263086080	188809216	148915368	17198112
349	200	192258480	263581696	188809216	149169552	17198112
350	200	194736162	263774208	189071360	149443104	17198112
351	200	194162297	263319552	189333504	149706800	17198112
352	200	193326936	264437760	189595648	149956632	17198112
353	200	358168390	264257536	189857792	150187152	17198112
354	200	191412121	264757248	190119936	150441552	17198112
355	200	192198273	264691712	190644224	150696200	17198112
356	200	191957342	264757248	190644224	150918544	17198112
357	200	194531035	264916992	190906368	151185648	17198112
358	200	190401820	265613312	191168512	151430904	17198112
359	200	352096622	265289728	191430656	151713768	17198112
360	200	189248769	265670656	191692800	151993240	17198112
361	200	189204719	266805248	192217088	152222600	17198112
362	200	190925457	266813440	192217088	152444168	17198112
363	200	186843746	267202560	192479232	152731424	17198112
364	200	187512166	267014144	192741376	152996120	17198112
365	200	194003694	266842112	193003520	153240136	17198112
366	200	363007469	267354112	193265664	153507200	17198112
367	200	190450407	267468800	193527808	153748936	17198112
368	200	186809207	268275712	193789952	153994976	17198112
369	200	188646433	267739136	193789952	154256776	17198112
370	200	194918617	268713984	194052096	154489000	17198112
371	200	190697720	268451840	194576384	154736240	17198112
372	200	197731612	269029376	194838528	154991320	17198112
373	200	365775828	269590528	195100672	155242656	17198112
374	200	193287647	269975552	195624960	155543248	17198112
375	200	194597070	270573568	195887104	155795208	17198112
376	200	189079531	269791232	195887104	156038536	17198112
377	200	192478538	270143488	196149248	156292936	17198112
378	200	195726179	270258176	196411392	156577760	17198112
379	200	192596943	270794752	196673536	156801736	17198112
380	200	373727358	271503360	196935680	157033000	17198112
381	200	195604430	270950400	196935680	157309664	17198112
382	200	188196872	270983168	197197824	157536752	17198112
383	200	192963341	271785984	197459968	157789880	17198112
384	200	192145303	272564224	197722112	158093680	17198112
385	200	190291860	272674816	197984256	158328136	17198112
386	200	190981202	272334848	198246400	158582352	17198112
387	200	376105278	272986112	198508544	158849600	17198112
388	200	191016962	273195008	199032832	159059592	17198112
389	200	192271786	273907712	199294976	159345768	17198112
390	200	199983336	274178048	199557120	159634488	17198112
391	200	192605496	274411520	199819264	159837984	17198112
392	200	193701663	274575360	200081408	160110672	17198112
393	200	195294238	274219008	200081408	160362376	17198112
394	200	380409374	274214912	200343552	160587200	17198112
395	200	190926888	274935808	200605696	160810384	17198112
396	200	196134108	274849792	200867840	161147800	17198112
397	200	194286900	275320832	201129984	161352752	17198112
398	200	191682295	275881984	201654272	161635424	17198112
399	200	190353079	275775488	201654272	161890576	17198112
400	200	195088396	275959808	201916416	162117312	17198112
401	200	397971984	276652032	202178560	162399960	17198112
402	200	195006448	276795392	202440704	162653472	17198112
403	200	192620064	277524480	202702848	162930160	17198112
404	200	189741193	277602304	203227136	163162272	17198112
405	200	192120991	277692416	203489280	163430600	17198112
406	200	190160200	277700608	203489280	163670176	17198112
407	200	191880212	278482944	203751424	163894112	17198112
408	200	193454455	278876160	204013568	164193352	17198112
409	200	411147327	279187456	204275712	164417264	17198112
410	200	189971848	278884352	204800000	164696568	17198112
411	200	189142536	279592960	204800000	164910304	17198112
412	200	189234867	279760896	205062144	165197504	17198112
413	200	190214412	279203840	205324288	165451936	17198112
414	200	190785404	279744512	205586432	165723544	17198112
415	200	193161636	280264704	205848576	165960672	17198112
416	200	403840011	280748032	206372864	166245368	17198112
417	200	189482872	280453120	206372864	166471208	17198112
418	200	194360111	281260032	206372864	166723872	17198112
419	200	190841510	281350144	206635008	166948624	17198112
420	200	197451065	281112576	206897152	167211320	17198112
421	200	192241498	281415680	207683584	167487072	17198112
422	200	190976207	281833472	207683584	167741472	17198112
423	200	187945620	282923008	207945728	167995872	17198112
424	200	417425415	283074560	208207872	168221792	17198112
425	200	194212688	282910720	208470016	168496488	17198112
426	200	189491013	282701824	208732160	168759072	17198112
427	200	191678432	283836416	208994304	169013288	17198112
428	200	189655641	283525120	209256448	169267936	17198112
429	200	197699695	284340224	209518592	169541288	17198112
430	200	193373759	284471296	209780736	169784568	17198112
431	200	192032124	285241344	210042880	170043736	17198112
432	200	428568562	284803072	210305024	170334784	17198112
433	200	188179129	284823552	210305024	170538912	17198112
434	200	193889470	284913664	210567168	170794272	17198112
435	200	189703939	286060544	210829312	171048672	17198112
436	200	192985680	286121984	211091456	171303072	17198112
437	200	199762585	287256576	212664320	172573280	17198112
438	200	194717255	287662080	213188608	172860448	17198112
439	200	195542567	287711232	213188608	173115872	17198112
440	200	446109098	287789056	213712896	173381112	17198112
441	200	195244593	288563200	213712896	173623648	17198112
442	200	196475964	288342016	213975040	173903648	17198112
443	200	194086179	288845824	213975040	174131304	17198112
444	200	191371727	288497664	214237184	174355792	17198112
445	200	189565362	289492992	214499328	174608480	17198112
446	200	190777097	289071104	214761472	174867368	17198112
447	200	191088103	290119680	215023616	175119264	17198112
448	200	465369809	290115584	215285760	175424392	17198112
449	200	194936488	290136064	215810048	175658912	17198112
450	200	197356676	290512896	216072192	175950512	17198112
451	200	191677261	290951168	216334336	176188672	17198112
452	200	191886769	291422208	216334336	176455016	17198112
453	200	194700042	291762176	216858624	176676512	17198112
454	200	192427244	292151296	217120768	176932400	17198112
455	200	193468115	291987456	217120768	177184288	17198112
456	200	452689535	291770368	217382912	177407424	17198112
457	200	193915407	292241408	217645056	177662920	17198112
458	200	193982151	292995072	217907200	177918040	17198112
459	200	193129631	293498880	218169344	178228520	17206304
460	200	193456007	293314560	218431488	178437984	17198112
461	200	187995945	293646336	218693632	178678912	17198112
462	200	191906530	293265408	218955776	178966048	17198112
463	200	194897137	294051840	219217920	179190568	17198112
464	200	190132730	294567936	219480064	179494760	17198112
465	200	475414975	294637568	219742208	179729248	17198112
466	200	191608488	294768640	220004352	179985384	17198112
467	200	193360147	295219200	220266496	180238112	17198112
468	200	197501787	295346176	220790784	180536296	17198112
469	200	190855293	295505920	220790784	180714080	17198112
470	200	194720298	296218624	221052928	181009240	17198112
471	200	200549912	295792640	221315072	181227464	17198112
472	200	193998567	296005632	221577216	181480312	17198112
473	200	469116033	297107456	222101504	181764536	17198112
474	200	198662135	297037824	222363648	182031512	17198112
475	200	197204793	297345024	222625792	182284320	17198112
476	200	195342127	297787392	222625792	182510712	17198112
477	200	193413969	298016768	222887936	182749280	17198112
478	200	191837932	297611264	223150080	183038184	17198112
479	200	192457814	298323968	223412224	183290664	17198112
480	200	193474720	298594304	223674368	183573896	17198112
481	200	193144413	298156032	223674368	183799464	17198112
482	200	504066427	298766336	223936512	183992296	17198112
483	200	197034880	299581440	224460800	184246640	17198112
484	200	198736073	299495424	224460800	184566904	17198112
485	200	199156640	300105728	224985088	184817064	17198112
486	200	198917178	299937792	225247232	185101048	17198112
487	200	194525172	300564480	225509376	185326048	17198112
488	200	191106392	301113344	225771520	185549376	17198112
489	200	196162834	300552192	226033664	185806368	17198112
490	200	195257316	301527040	226295808	186097144	17198112
491	200	509294870	300974080	226557952	186346408	17198112
492	200	194469132	302039040	226820096	186598048	17198112
493	200	196056038	302223360	226820096	186864968	17198112
494	200	197425944	301699072	227082240	187056816	17198112
495	200	198424476	302665728	227344384	187345240	17198112
496	200	194951698	302276608	227606528	187636104	17198112
497	200	193398960	302567424	227868672	187840688	17198112
498	200	193085485	303435776	228130816	188124960	17198112
499	200	190489115	303452160	228392960	188379360	17198112
500	200	559185492	317894656	243335168	203332792	17198112
501	200	196067614	318435328	243597312	203570288	17198112
502	200	193689415	318554112	244121600	203823112	17198112
503	200	195941569	319447040	244383744	204079184	17198112
504	200	195309599	320040960	244645888	204349056	17198112
505	200	193552631	319258624	244908032	204585392	17198112
506	200	192158491	319897600	244908032	204839688	17198112
507	200	194733227	320569344	245432320	205110448	17198112
508	200	197299317	320122880	245432320	205349200	17198112
509	200	583597872	320516096	245956608	205603848	17198112
510	200	194481625	321429504	245956608	205879624	17198112
511	200	194643503	321658880	246218752	206113424	17198112
512	200	191913801	321396736	246480896	206386712	17198112
513	200	197974115	321748992	246743040	206626080	17198112
514	200	193651157	321871872	247005184	206875848	17198112
515	200	193866563	322101248	247267328	207131800	17198112
516	200	197482706	323010560	247529472	207384464	17198112
517	200	203114515	323051520	247791616	207651528	17198112
518	200	664814870	323309568	248053760	207893264	17198112
519	200	191211759	323207168	248578048	208147600	17198112
520	200	194655663	324612096	248840192	208420280	17198112
521	200	192776433	324501504	248840192	208656712	17198112
522	200	192605433	324038656	249102336	208862720	17198112
523	200	193990284	324153344	249364480	209165536	17198112
524	200	199851355	324460544	249626624	209391224	17198112
525	200	195707800	324804608	249888768	209652552	17198112
526	200	197442620	325365760	250150912	209928648	17198112
527	200	195562289	326004736	250413056	210198080	17198112
528	200	233345901	326070272	250675200	210461328	17198112
529	200	194478575	326295552	250937344	210691600	17198112
530	200	195098331	326131712	251199488	210954144	17198112
531	200	195208739	326610944	251199488	211199504	17198112
532	200	195621270	326975488	251723776	211455824	17198112
533	200	196800309	326942720	251723776	211709448	17198112
534	200	194080829	326766592	251985920	211936776	17198112
535	200	192158424	327700480	252772352	212218248	17198112
536	200	236219189	327888896	252772352	212472648	17198112
537	200	193514615	328445952	253034496	212727048	17198112
538	200	195765423	329027584	253296640	212994112	17198112
539	200	196629109	328597504	253558784	213235600	17198112
540	200	195456797	328716288	253820928	213499864	17198112
541	200	192228514	329531392	254083072	213711880	17198112
542	200	193973859	329711616	254345216	214000072	17198112
543	200	197554372	329830400	254345216	214252488	17198112
544	200	198895353	329932800	254607360	214541056	17198112
545	200	245353370	336777216	254869504	214733152	17198112
546	200	202111932	330133504	255393792	215043288	17198112
547	200	196762278	330584064	255393792	215271048	17198112
548	200	194442844	331292672	255918080	215492680	17198112
549	200	196790304	331763712	255918080	215750464	17198112
550	200	197928321	331800576	256180224	216053216	17198112
551	200	192596352	332283904	256442368	216288712	17198112
552	200	203568882	332173312	256966656	216545808	17198112
553	200	194533432	332644352	257228800	216797264	17198112
554	200	244581231	332562432	257490944	217051848	17198112
555	200	194789883	333230080	257753088	217306248	17198112
556	200	195905878	333348864	257753088	217559688	17198112
557	200	196651670	333520896	258015232	217814800	17198112
558	200	198803940	333873152	258539520	218086408	17198112
559	200	194347475	333565952	258539520	218323664	17198112
560	200	199407127	334798848	258801664	218618472	17198112
561	200	194548486	335319040	259063808	218846128	17198112
562	200	243808191	336068608	259588096	219087888	17198112
563	200	194755163	336343040	259588096	219310288	17198112
564	200	196357658	336084992	259850240	219597584	17198112
565	200	195662692	336134144	260112384	219870368	17198112
566	200	195454920	336822272	260374528	220071880	17198112
567	200	199962382	337203200	260636672	220339928	17198112
568	200	198669227	337502208	261160960	220613448	17198112
569	200	198464654	337420288	261160960	220866888	17198112
570	200	241867090	338087936	261685248	221097376	17198112
571	200	192493703	338542592	261685248	221376648	17198112
572	200	199865682	338358272	261947392	221645400	17198112
573	200	195457625	338272256	262471680	221886224	17198112
574	200	192718266	339189760	262471680	222139848	17198112
575	200	195692721	339116032	262733824	222405320	17198112
576	200	197662414	339959808	263258112	222654696	17198112
577	200	194463734	339324928	263258112	222904784	17198112
578	200	194890890	340131840	263520256	223170928	17198112
579	200	250689332	340582400	263782400	223411912	17198112
580	200	194184880	340066304	264044544	223613832	17198112
581	200	194122777	340209664	264044544	223932352	17198112
582	200	196385967	340697088	264306688	224146912	17198112
583	200	199154072	341094400	264830976	224430472	17198112
584	200	195555054	341118976	265093120	224683664	17198112
585	200	195252887	342077440	265355264	224923896	17198112
586	200	198195446	341983232	265617408	225192648	17198112
587	200	243812595	342274048	265879552	225446800	17206304
588	200	206169182	342794240	266141696	225701200	17198112
589	200	197160166	342609920	266403840	225957584	17198112
590	200	194277370	342904832	266665984	226217288	17198112
591	200	197060181	343797760	266928128	226464464	17198112
592	200	194962249	344043520	267190272	226710480	17198112
593	200	193463475	343920640	267452416	226974472	17198112
594	200	246531268	344248320	267452416	227257064	17198112
595	200	199067535	343900160	267714560	227495544	17198112
596	200	224087439	344530944	267976704	227736648	17198112
597	200	190147270	344309760	268238848	227957320	17198112
598	200	191990123	344649728	268763136	228255832	17198112
599	200	193293834	345427968	269025280	228499664	17198112
600	200	197238834	346361856	269287424	228773216	17198112
601	200	198358030	345776128	269549568	229011576	17198112
602	200	251252937	346710016	269811712	229231944	17198112
603	200	197696979	346476544	270073856	229531464	17198112
604	200	195070091	347021312	270336000	229772176	17198112
605	200	200697106	347381760	270598144	230026576	17198112
606	200	199085045	347947008	270598144	230280976	17198112
607	200	195275000	347783168	271122432	230535376	17198112
608	200	196350159	348315648	271384576	230809688	17198112
609	200	191001997	348008448	271384576	231043928	17198112
610	200	254134766	348573696	271646720	231306224	17198112
611	200	194227664	349024256	271908864	231552792	17198112
612	200	199981403	349442048	272433152	231837816	17198112
613	200	198197876	349278208	272433152	232064536	17198112
614	200	195933896	349270016	272695296	232316176	17198112
615	200	196048751	350158848	272957440	232570576	17198112
616	200	199761618	349995008	273219584	232828944	17198112
617	200	256258907	350347264	273743872	233049496	17198112
618	200	197041192	351019008	273743872	233332816	17198112
619	200	197448542	350855168	274006016	233557480	17198112
620	200	197001314	351805440	274530304	233850472	17198112
621	200	199659422	352022528	274530304	234109168	17198112
622	200	197379782	351952896	274792448	234322288	17198112
623	200	198361501	352079872	275316736	234628248	17198112
624	200	249017518	353341440	275841024	234907568	17198112
625	200	201461205	353329152	275841024	235105400	17198112
626	200	193508080	353013760	275841024	235337984	17198112
627	200	201056677	353435648	276103168	235625240	17198112
628	200	196923016	353615872	276365312	235846536	17198112
629	200	200356877	353816576	276627456	236112928	17198112
630	200	202955267	354140160	276889600	236411720	17198112
631	200	197331011	354308096	276889600	236641016	17198112
632	200	258843924	353767424	277151744	236866408	17198112
633	200	198365911	354410496	277676032	237119544	17198112
634	200	198724963	355102720	278200320	237405240	17198112
635	200	195618030	355528704	278200320	237657760	17198112
636	200	217719047	356405248	279511040	238961344	17198112
637	200	196125546	356761600	279773184	239215992	17198112
638	200	196284153	357363712	280035328	239472128	17198112
639	200	258600387	357711872	280297472	239724544	17198112
640	200	194132794	357752832	280559616	239975624	17198112
641	200	195398994	357875712	280821760	240200824	17198112
642	200	199352069	357986304	281083904	240487992	17198112
643	200	194191908	358645760	281083904	240742208	17198112
644	200	199445088	358621184	281346048	240967368	17198112
645	200	191433661	359370752	281608192	241219704	17198112
646	200	245429702	359874560	282132480	241531736	17198112
647	200	193889394	359645184	282132480	241729544	17198112
648	200	199338449	360050688	282394624	242043792	17198112
649	200	197833761	360026112	282656768	242268792	17198112
650	200	201292527	360992768	283443200	242553424	17198112
651	200	197441739	361193472	283443200	242777408	17198112
652	200	248475512	361222144	283705344	243031744	17198112
653	200	196918586	361398272	283967488	243288080	17198112
654	200	196509934	361254912	284229632	243543504	17198112
655	200	194472453	361570304	284491776	243796880	17198112
656	200	216534011	365842432	288423936	247741208	17198112
657	200	197162938	366067712	288423936	247947216	17198112
658	200	199532447	366559232	288686080	248200432	17198112
659	200	251681565	366403584	288948224	248451696	17198112
660	200	218408638	367026176	289472512	248750760	17198112
661	200	192634790	366997504	289472512	248960528	17198112
662	200	197702903	367603712	289734656	249247696	17198112
663	200	196209610	367366144	289996800	249533568	17198112
664	200	196934393	367910912	290258944	249756496	17198112
665	200	202049837	368676864	290521088	250011984	17198112
666	200	265222519	368594944	291045376	250282504	17198112
667	200	199152206	369164288	291307520	250519696	17198112
668	200	198518021	368914432	291569664	250786760	17198112
669	200	194516695	369238016	291569664	251027536	17198112
670	200	200881845	369479680	291831808	251260528	17198112
671	200	195274912	370081792	292093952	251537328	17198112
672	200	266166884	370409472	292356096	251811424	17198112
673	200	196775439	370266112	292618240	252015880	17198112
674	200	194870050	370417664	293142528	252300496	17198112
675	200	197320388	371036160	293404672	252580736	17198112
676	200	196114572	371851264	293666816	252819680	17198112
677	200	194619486	371920896	293928960	253083720	17198112
678	200	239503167	371707904	293928960	253337440	17198112
679	200	194316175	371949568	294191104	253572496	17198112
680	200	196504776	373080064	294453248	253848272	17198112
681	200	192877592	372772864	294453248	254080336	17198112
682	200	199978488	373227520	294977536	254306752	17198112
683	200	195720048	373112832	295239680	254561224	17198112
684	200	269245159	382316544	303890432	263250344	17198112
685	200	200904908	382382080	304152576	263457744	17198112
686	200	193191605	382496768	304414720	263741904	17198112
687	200	199900450	382586880	304939008	263998040	17198112
688	200	198554477	383561728	305201152	264270616	17198112
689	200	197442602	384147456	305463296	264517768	17198112
690	200	198987681	385241088	305463296	264767464	17198112
691	200	193940166	385015808	305725440	265013720	17198112
692	200	195865893	385703936	305987584	265268120	17198112
693	200	195819300	385294336	305987584	265522520	17198112
694	200	197060401	386617344	306249728	265748160	17198112
695	200	201944914	386605056	306511872	266002248	17198112
696	200	531101513	385744896	306774016	266255544	17198112
697	200	198509484	386461696	307036160	266524440	17198112
698	200	197368655	386854912	307298304	266794704	17198112
699	200	200392953	386727936	308084736	267050904	17198112
700	200	196835697	388382720	308346880	267322472	17198112
701	200	193102626	387760128	308346880	267558848	17198112
702	200	199499193	388898816	308871168	267868672	17198112
703	200	195662719	389009408	308871168	268067032	17198112
704	200	195578456	388812800	309133312	268345312	17198112
705	200	198637205	389763072	309395456	268575832	17198112
706	200	194719321	389193728	309395456	268830296	17198112
707	200	195218912	389660672	309919744	269056152	17198112
708	200	550547893	390488064	309919744	269339032	17198112
709	200	195066422	390737920	310181888	269562904	17198112
710	200	197423026	390492160	310444032	269825000	17198112
711	200	195433460	390995968	310706176	270114896	17198112
712	200	196011256	391274496	311230464	270325600	17198112
713	200	193932873	391958528	311230464	270611064	17198112
714	200	196682137	391852032	311492608	270878728	17198112
715	200	200740489	392278016	312016896	271088760	17206304
716	200	201572993	392224768	312279040	271375256	17198112
717	200	214670773	393334784	312541184	271628632	17198112
718	200	196011973	392527872	312541184	271882136	17198112
719	200	195885564	393183232	312803328	272109248	17198112
720	200	198718210	393588736	313327616	272436848	17198112
721	200	556415867	394178560	313327616	272646232	17198112
722	200	195721862	393891840	313589760	272871248	17198112
723	200	195098430	394506240	313851904	273123464	17198112
724	200	197108669	394670080	314376192	273411168	17198112
725	200	200446016	395202560	314638336	273674904	17198112
726	200	195903030	394772480	314638336	273919320	17198112
727	200	196999467	395345920	314900480	274172632	17198112
728	200	198564713	395186176	315162624	274437416	17198112
729	200	198953527	395911168	315424768	274660856	17198112
730	200	196992995	396263424	315686912	274943760	17198112
731	200	197634074	396578816	315686912	275202752	17198112
732	200	199494726	397025280	316473344	275457296	17198112
733	200	196928310	397266944	316473344	275721320	17198112
734	200	565772860	397086720	316735488	275953432	17198112
735	200	195772512	397619200	316997632	276176264	17198112
736	200	200491322	398442496	317259776	276452136	17198112
737	200	197403602	398053376	317784064	276716664	17198112
738	200	195896885	398393344	317784064	276988240	17198112
739	200	197542030	398659584	318046208	277225432	17198112
740	200	198212241	399097856	318308352	277487728	17198112
741	200	196234158	399167488	318570496	277750488	17198112
742	200	201563928	399818752	318832640	277988632	17198112
743	200	200274096	400003072	318832640	278243032	17198112
744	200	196734095	399708160	319094784	278465816	17198112
745	200	197728973	399634432	319356928	278751832	17198112
746	200	197686508	400543744	319881216	278975792	17198112
747	200	195799856	400945152	319881216	279260632	17198112
748	200	580331020	400777216	320405504	279532480	17198112
749	200	195094917	401539072	320929792	279771232	17198112
750	200	198135208	402423808	321191936	280010032	17198112
751	200	196529937	401887232	321191936	280278320	17198112
752	200	195572797	401907712	321454080	280519776	17198112
753	200	196259792	402345984	321716224	280787064	17198112
754	200	200106227	402886656	321978368	281064480	17198112
755	200	195504101	402800640	322240512	281263064	17198112
756	200	196465247	403808256	322502656	281579720	17198112
757	200	198034953	403972096	322502656	281804696	17198112
758	200	192958022	403828736	322764800	282059032	17198112
759	200	199085717	404430848	323026944	282280728	17198112
760	200	195279475	404680704	323289088	282544368	17198112
761	200	580833040	404025344	323551232	282824000	17198112
762	200	195889822	404455424	323813376	283076632	17198112
763	200	200643445	404639744	324075520	283331032	17198112
764	200	195574494	405401600	324599808	283585432	17198112
765	200	196054492	405905408	324861952	283853312	17198112
766	200	195592271	405712896	325124096	284094232	17198112
767	200	198888670	406003712	325386240	284349656	17198112
768	200	199275086	406786048	325648384	284622944	17198112
769	200	198937001	406974464	325648384	284856472	17198112
770	200	198260665	406577152	325910528	285086960	17198112
771	200	198719662	406802432	326172672	285337872	17198112
772	200	198182005	407351296	326434816	285589600	17198112
773	200	198365248	407416832	326959104	285876768	17198112
774	200	202315341	408199168	327221248	286146640	17198112
775	200	584720102	409063424	327483392	286407392	17198112
776	200	195742971	408526848	327483392	286638304	17198112
777	200	197683488	408317952	327745536	286893664	17198112
778	200	198238075	409174016	328007680	287147040	17198112
779	200	198819142	409731072	328269824	287401440	17198112
780	200	197630104	409866240	328531968	287690376	17198112
781	200	198137009	409190400	328794112	287909280	17198112
782	200	199030881	409800704	329056256	288178120	17198112
783	200	198575262	410746880	329318400	288431232	17198112
784	200	197229957	411189248	329580544	288693352	17198112
785	200	196372183	410591232	330104832	288901096	17198112
786	200	200185173	411525120	330104832	289182272	17198112
787	200	196991272	411766784	330366976	289437728	17198112
788	200	195517935	412262400	330629120	289659576	17198112
789	200	591692638	412332032	331153408	289945440	17198112
790	200	199099444	412921856	331153408	290207768	17198112
791	200	193165921	412647424	331415552	290474544	17198112
792	200	200099556	413130752	331677696	290729816	17198112
793	200	197693637	412831744	331677696	290963040	17198112
794	200	196339218	412786688	331939840	291187280	17198112
795	200	201544790	413818880	332201984	291441336	17198112
796	200	195434812	413638656	332464128	291695736	17198112
797	200	196539471	414007296	332988416	291993304	17198112
798	200	196152869	415121408	333512704	292237800	17198112
799	200	199649650	414961664	333512704	292502920	17198112
800	200	203331741	415666176	333774848	292749968	17198112
801	200	194430701	416239616	334036992	292966704	17198112
802	200	202088448	416116736	334299136	293253072	17198112
803	200	196619134	416239616	334561280	293507200	17198112
804	200	607588174	416178176	334823424	293761600	17198112
805	200	196799760	417026048	334823424	294015224	17198112
806	200	198338966	416661504	335085568	294248200	17198112
807	200	197037545	416776192	335347712	294494288	17198112
808	200	199748207	416911360	335609856	294780408	17198112
809	200	197706209	417792000	336134144	295004672	17198112
810	200	204823561	417656832	336134144	295294448	17198112
811	200	197395021	418078720	336396288	295542672	17198112
812	200	198935662	417992704	336658432	295796984	17198112
813	200	197236224	419041280	337444864	296051200	17198112
814	200	196690579	419520512	337444864	296305784	17198112
815	200	205752442	419790848	337707008	296560248	17198112
816	200	201133826	420802560	337969152	296847976	17198112
817	200	198162977	419753984	338231296	297068984	17198112
818	200	634531716	420466688	338493440	297337072	17198112
819	200	198657233	420495360	338493440	297592896	17198112
820	200	200024598	420843520	339017728	297810016	17198112
821	200	196299170	421011456	339017728	298086672	17198112
822	200	196577590	421527552	339279872	298314536	17198112
823	200	197120998	421249024	339804160	298595416	17198112
824	200	194653815	421470208	339804160	298849600	17198112
825	200	201392993	421785600	340066304	299115256	17198112
826	200	194865150	422559744	340328448	299331184	17198112
827	200	197574606	422092800	340590592	299580216	17198112
828	200	200945788	423370752	340852736	299885704	17198112
829	200	195006966	422981632	341114880	300089016	17198112
830	200	197851817	423510016	341377024	300384168	17198112
831	200	195497737	423526400	341639168	300598664	17198112
832	200	201057205	424525824	342163456	300915280	17198112
833	200	670666104	424083456	342163456	301152864	17198112
834	200	198050205	424804352	342425600	301364736	17198112
835	200	198613761	424968192	342949888	301648184	17198112
836	200	199044523	425807872	343212032	301906552	17198112
837	200	202422698	424996864	343212032	302169176	17198112
838	200	196973168	426098688	343474176	302411384	17198112
839	200	199394968	425615360	343736320	302666808	17198112
840	200	199214282	426098688	343998464	302940496	17198112
841	200	199001276	426921984	344260608	303174584	17198112
842	200	199098129	426598400	344522752	303428984	17198112
843	200	198895403	427233280	344784896	303705856	17206304
844	200	198219500	427425792	344784896	303936824	17198112
845	200	200487842	427528192	345309184	304192000	17198112
846	200	197933204	427958272	345571328	304463792	17198112
847	200	199019295	428199936	345833472	304671744	17198112
848	200	643697647	428810240	346357760	304975296	17198112
849	200	200779513	428294144	346357760	305210808	17198112
850	200	201797466	429449216	346619904	305496696	17198112
851	200	199230351	429420544	346882048	305718400	17198112
852	200	198145595	429502464	347144192	305972984	17198112
853	200	199811728	429498368	347406336	306227384	17198112
854	200	196569211	429993984	347668480	306481600	17198112
855	200	197583318	430202880	347930624	306736184	17198112
856	200	195838353	430075904	347930624	306990584	17198112
857	200	196532375	430931968	348192768	307215744	17198112
858	200	204738569	430739456	348454912	307493256	17198112
859	200	195887677	431751168	348717056	307756544	17198112
860	200	196503256	431177728	349241344	307983312	17198112
861	200	195375069	432246784	349503488	308262584	17198112
862	200	197247333	431874048	349765632	308529464	17198112
863	200	196997980	432193536	350027776	308771384	17198112
864	200	739280636	432930816	350552064	309075096	17198112
865	200	198101818	433184768	350552064	309280184	17198112
866	200	203493186	433393664	350814208	309534584	17198112
867	200	198742077	433602560	351076352	309802464	17198112
868	200	198635153	433606656	351076352	310042424	17198112
869	200	196781089	434098176	351338496	310267336	17198112
870	200	197078366	434225152	351600640	310527312	17198112
871	200	198285803	435412992	351862784	310778752	17198112
872	200	197167629	435249152	352124928	311060984	17198112
873	200	196516109	435159040	352649216	311315200	17198112
874	200	225493038	438255616	354746368	313666752	17198112
875	200	198845508	438173696	355008512	313932408	17198112
876	200	211984821	438267904	355270656	314175736	17198112
877	200	199716077	438702080	355532800	314429952	17198112
878	200	202142193	438366208	355794944	314684352	17198112
879	200	731040859	439050240	356319232	314939960	17198112
880	200	201589657	439767040	356581376	315225112	17198112
881	200	197610659	440336384	356581376	315447800	17198112
882	200	200262201	440020992	357105664	315719408	17198112
883	200	201635608	440266752	357105664	315938272	17198112
884	200	198566330	440774656	357367808	316236536	17198112
885	200	199183540	441466880	357892096	316432384	17198112
886	200	200334114	441331712	357892096	316719768	17198112
887	200	197467859	441331712	358154240	316973952	17198112
888	200	199835554	441659392	358416384	317199216	17198112
889	200	198790129	441909248	358678528	317482968	17198112
890	200	199257284	442617856	358940672	317746256	17198112
891	200	206279748	443662336	359202816	318003928	17198112
892	200	197103711	443650048	359464960	318213184	17198112
893	200	198301666	444051456	359464960	318499576	17198112
894	200	199652547	444239872	359727104	318727192	17198112
895	200	740270607	444248064	360513536	319009336	17198112
896	200	200963933	444534784	360775680	319285384	17198112
897	200	197949394	444698624	360775680	319534392	17198112
898	200	202664226	444350464	361037824	319772536	17198112
899	200	199000052	445267968	361562112	320026936	17198112
900	200	200628193	445640704	361824256	320318536	17198112
901	200	203135853	445517824	361824256	320548496	17198112
902	200	195771785	445779968	362086400	320788864	17198112
903	200	197471948	446189568	362348544	321064472	17198112
904	200	196904731	446795776	362610688	321318216	17198112
905	200	198626095	446959616	362872832	321564480	17198112
906	200	197643716	447827968	363134976	321806400	17198112
907	200	198726324	446660608	363134976	322060800	17198112
908	200	198628902	447160320	363397120	322316936	17198112
909	200	196984900	447254528	363659264	322535872	17198112
910	200	199839395	448225280	363921408	322843240	17198112
911	200	785684453	447930368	364707840	323079584	17198112
912	200	200600790	449114112	364969984	323320512	17198112
913	200	197684842	449208320	364969984	323587856	17198112
914	200	201218683	448991232	365232128	323842168	17198112
915	200	199456562	449421312	365494272	324096632	17198112
916	200	202024846	449310720	365756416	324350968	17198112
917	200	199405247	450256896	366018560	324605368	17198112
918	200	203426795	450519040	366280704	324902712	17198112
919	200	198968968	450355200	366280704	325085688	17198112
920	200	203840235	449929216	366542848	325348440	17198112
921	200	196528658	450830336	366804992	325593968	17198112
922	200	199102302	451973120	367067136	325877824	17198112
923	200	199683206	452349952	367591424	326132224	17198112
924	200	218152408	451772416	367591424	326390592	17198112
925	200	199319942	452968448	367853568	326651912	17198112
926	200	204267804	452001792	368115712	326875136	17198112
927	200	197296357	452071424	368377856	327149912	17198112
928	200	803940837	453144576	369164288	327424200	17198112
929	200	193586442	453459968	369164288	327658440	17198112
930	200	198108746	453443584	369426432	327888152	17198112
931	200	198023773	454172672	369426432	328140464	17198112
932	200	198520211	455393280	369688576	328391384	17198112
933	200	198409238	455122944	369950720	328646864	17198112
934	200	193027816	456294400	370212864	328904248	17198112
935	200	200142911	456630272	370475008	329199040	17198112
936	200	202859694	456785920	370999296	329455328	17198112
937	200	199222227	456331264	370999296	329694360	17198112
938	200	206944840	457232384	371261440	329917688	17198112
939	200	201885298	456806400	371523584	330203192	17198112
940	200	205346920	456163328	371785728	330465456	17198112
941	200	199433789	458018816	372047872	330681160	17198112
942	200	207235988	457973760	372310016	330966688	17198112
943	200	196925528	458170368	372310016	331220128	17198112
944	200	198686530	458706944	372834304	331495216	17198112
945	200	814494500	459268096	373096448	331743816	17198112
946	200	196887064	458493952	373358592	331953784	17198112
947	200	198935324	459665408	373620736	332238688	17198112
948	200	203797652	459702272	373882880	332505752	17198112
949	200	197471068	460193792	374407168	332747304	17198112
950	200	200216300	460808192	374669312	333020672	17198112
951	200	200548152	459919360	374669312	333258320	17198112
952	200	201778746	460255232	374931456	333524568	17198112
953	200	207242298	460414976	375193600	333788200	17198112
954	200	200292418	461316096	375455744	334036840	17198112
955	200	196974295	461221888	375717888	334241512	17198112
956	200	199541238	461615104	375717888	334527752	17198112
957	200	198959381	462528512	375980032	334751864	17198112
958	200	199420101	461938688	376242176	335037480	17198112
959	200	200217777	462434304	376766464	335291880	17198112
960	200	198325919	463187968	377028608	335574088	17198112
961	200	203673625	463065088	377290752	335802648	17198112
962	200	857500969	464007168	377552896	336037312	17198112
963	200	196605687	463609856	378077184	336309808	17198112
964	200	200710849	464105472	378077184	336564208	17198112
965	200	199174868	464723968	378339328	336787536	17198112
966	200	197235000	464719872	378601472	337073008	17198112
967	200	198548833	464560128	378863616	337327224	17198112
968	200	201157513	465276928	378863616	337584632	17198112
969	200	198464418	464928768	379125760	337862104	17198112
970	200	200054265	465600512	379650048	338071760	17198112
971	200	197567944	465723392	379650048	338345336	17206304
972	200	201805736	466366464	379912192	338630224	17198112
973	200	197570052	466853888	380174336	338821360	17198112
974	200	197970313	466239488	380698624	339108536	17198112
975	200	205172837	467525632	380960768	339390264	17198112
976	200	202978131	467611648	381222912	339637064	17198112
977	200	199818269	467075072	381485056	339871800	17198112
978	200	199740862	467382272	381747200	340126136	17198112
979	200	895381106	468193280	382009344	340350504	17198112
980	200	200491222	468283392	382271488	340642832	17198112
981	200	207875206	468774912	382271488	340890280	17198112
982	200	199153275	469180416	382533632	341089032	17198112
983	200	202362234	469442560	382795776	341369752	17198112
984	200	196634813	469061632	383057920	341620184	17198112
985	200	202278118	469667840	383320064	341907352	17198112
986	200	210094244	469975040	383844352	342145264	17198112
987	200	196080679	470011904	383844352	342416064	17198112
988	200	199513453	470482944	384106496	342683216	17198112
989	200	199680200	470769664	384368640	342927168	17198112
990	200	199058105	472035328	384892928	343206672	17198112
991	200	200202308	471883776	384892928	343446904	17198112
992	200	204065723	471482368	385155072	343676336	17198112
993	200	197477326	471842816	385679360	343942112	17198112
994	200	198881729	472522752	385679360	344197760	17198112
995	200	199670977	473108480	386203648	344417184	17198112
996	200	197746292	473133056	386203648	344671296	17198112
997	200	915548805	472805376	386465792	344926568	17198112
998	200	202182182	473280512	386727936	345211920	17198112
999	200	289910979	503717888	416612352	374838344	17198112
1000	200	200393829	504156160	416874496	375101848	17198112
1001	15	18957833	503619584	416874496	375100632	17198112
