block	steps	btime	rss	heapTotal	heapUsed	external
1	200	206264759	140877824	74485760	32595920	17209012
2	200	182436851	141508608	74747904	32701464	17198080
3	200	179032905	141606912	74747904	33021960	17198080
4	200	185848860	142004224	74981376	33396176	17198080
5	200	165565159	142065664	74981376	33651336	17198080
6	200	160690480	142266368	74981376	33940656	17198080
7	200	167759969	142835712	75243520	34448568	17198080
8	200	169613665	143101952	75472896	34977392	17198080
9	200	166504216	143372288	75735040	35276640	17198080
10	200	182950594	143638528	75997184	35520176	17198080
11	200	173918856	144179200	76521472	35864272	17198080
12	200	181577922	144224256	76521472	36122360	17198080
13	200	199887083	144252928	76521472	36377864	17198080
14	200	200875950	144547840	76783616	36643840	17198080
15	200	210433747	144568320	76783616	36910672	17198080
16	200	181959859	145350656	77504512	37694456	17198080
17	200	170530329	145637376	78028800	37935664	17198080
18	200	167729825	145907712	78290944	38244120	17198080
19	200	178977116	146202624	78553088	38502432	17198080
20	200	175554761	146485248	78815232	38764352	17198080
21	200	186921059	147574784	79601664	39144720	17198080
22	200	182852192	147578880	79601664	39389736	17198080
23	200	183466668	147849216	79863808	39666072	17198080
24	200	174208827	148135936	80125952	39963600	17198080
25	200	185671380	148504576	80388096	40240664	17198080
26	200	193168386	148660224	80650240	40507120	17198080
27	200	176760732	149184512	80912384	40766432	17198080
28	200	179999843	149491712	81436672	41090216	17198080
29	200	183278052	150528000	81960960	41871640	17198080
30	200	178066778	150540288	81960960	42145944	17198080
31	200	194063553	150921216	82223104	42394072	17198080
32	200	167369030	152113152	83402752	43553600	17198080
33	200	171254853	152113152	83402752	43819624	17198080
34	200	168911858	152199168	83402752	44086680	17198080
35	200	180511778	152240128	83402752	44298592	17198080
36	200	197124048	152502272	83664896	44569232	17198080
37	200	180765373	152920064	83927040	44842616	17198080
38	200	182411978	152920064	83927040	45104000	17198080
39	200	182200633	153518080	84451328	45349336	17198080
40	200	180790885	153604096	84451328	45624888	17198080
41	200	188994352	154177536	85237760	46045272	17198080
42	200	190024299	154734592	85499904	46372336	17198080
43	200	181501114	154742784	85499904	46603528	17198080
44	200	179707039	154816512	85762048	46882176	17198080
45	200	183303315	155148288	85762048	47130920	17198080
46	200	196494670	155353088	86024192	47383808	17198080
47	200	181038246	155774976	86548480	47640024	17198080
48	200	184412190	156319744	86810624	47881880	17198080
49	200	180472727	156422144	86810624	48150392	17198080
50	200	177891857	156684288	87072768	48359080	17198080
51	200	197653996	156827648	87334912	48607608	17198080
52	200	181087675	157233152	87597056	48885128	17198080
53	200	183155578	157421568	87597056	49158936	17198080
54	200	210444666	158093312	87859200	49441544	17198080
55	200	168384909	158679040	88653824	49796104	17198080
56	200	185136774	158982144	88653824	50048816	17198080
57	200	179978122	159191040	88915968	50301704	17198080
58	200	190621658	159608832	89178112	50534064	17198080
59	200	175799533	159821824	89178112	50788160	17198080
60	200	185241183	160055296	89702400	51080240	17198080
61	200	188297545	160370688	89964544	51328240	17198080
62	200	183911735	160944128	90488832	51546160	17198080
63	200	179899468	163069952	92323840	53637528	17198080
64	200	172418494	163676160	92848128	53952112	17198080
65	200	184298551	163745792	92848128	54173096	17198080
66	200	204606108	163999744	93372416	54425624	17198080
67	200	212080787	164405248	93372416	54646960	17198080
68	200	213882699	164675584	93634560	54944888	17198080
69	200	201437495	165167104	93896704	55151528	17198080
70	200	175503785	165621760	94158848	55444904	17198080
71	200	184312724	165621760	94158848	55692128	17198080
72	200	184556675	166932480	95469568	57008864	17198080
73	200	182352789	167202816	95731712	57246128	17198080
74	200	174481801	167567360	96256000	57497192	17198080
75	200	186855214	168128512	96518144	57761152	17206272
76	200	183290694	168128512	96518144	58002880	17198080
77	200	179563175	168300544	97042432	58255408	17198080
78	200	191640723	169062400	97304576	58535032	17198080
79	200	184899500	169218048	97566720	58701640	17198080
80	200	168702033	169742336	97828864	59041888	17198080
81	200	204424123	169848832	98091008	59281136	17198080
82	200	189826013	170962944	99024896	59951520	17198080
83	200	188029054	170962944	99024896	60231472	17198080
84	200	184385059	171069440	99287040	60484360	17198080
85	200	177967736	171233280	99287040	60751328	17198080
86	200	201581501	171438080	99549184	60944416	17198080
87	200	174283064	171757568	99811328	61242760	17198080
88	200	225182230	172109824	100073472	61468792	17198080
89	200	205409646	172507136	100335616	61721792	17198080
90	200	235144700	172851200	100597760	61995528	17198080
91	200	186532482	173137920	101122048	62222464	17198080
92	200	209738483	173375488	101122048	62476856	17198080
93	200	178225476	173539328	101646336	62761856	17198080
94	200	205426476	174010368	101908480	63015768	17198080
95	200	178216188	174338048	102170624	63268896	17198080
96	200	204717531	174755840	102432768	63541912	17198080
97	200	187934254	174792704	102432768	63775128	17198080
98	200	195250982	174960640	102694912	63999664	17198080
99	200	179366846	175247360	102957056	64247816	17198080
100	200	214860012	175841280	103481344	64549432	17198080
101	15	17992800	175841280	103481344	64556360	17198080
